2.0
1.0272765957446808
2.0686695278969958
1.028936170212766
2.171673819742489
1.0314893617021277
2.274678111587983
1.0339148936170213
2.3776824034334765
1.0363404255319149
2.48068669527897
1.0386382978723405
2.5836909871244638
1.040936170212766
2.686695278969957
1.0429787234042553
2.7896995708154506
1.0448936170212766
2.892703862660944
1.04668085106383
2.995708154506438
1.048212765957447
3.0987124463519313
1.049872340425532
3.167381974248927
1.0507659574468085
3.2703862660944205
1.0521702127659576
3.3733905579399144
1.0534468085106383
3.476394849785408
1.0547234042553193
3.5793991416309012
1.055872340425532
3.682403433476395
1.0570212765957447
3.785407725321888
1.0582978723404255
3.888412017167382
1.0594468085106383
3.991416309012876
1.0605957446808512
4.094420600858369
1.0616170212765959
4.197424892703863
1.0627659574468085
4.266094420600858
1.063531914893617
4.369098712446352
1.0645531914893618
4.472103004291846
1.0657021276595746
4.57510729613734
1.0667234042553193
4.6781115879828326
1.0677446808510638
4.781115879828326
1.0686382978723405
4.884120171673819
1.069531914893617
4.987124463519313
1.0704255319148936
5.090128755364807
1.0713191489361702
5.193133047210301
1.072212765957447
5.296137339055794
1.0729787234042554
5.399141630901288
1.073744680851064
5.467811158798284
1.0742553191489361
5.570815450643776
1.0750212765957448
5.67381974248927
1.0757872340425532
5.776824034334764
1.0764255319148937
5.879828326180258
1.0771914893617023
5.982832618025752
1.0778297872340425
6.085836909871245
1.078468085106383
6.1888412017167385
1.0791063829787235
6.291845493562231
1.0797446808510638
6.394849785407725
1.0802553191489364
6.497854077253218
1.0808936170212766
6.5665236051502145
1.0812765957446808
6.669527896995708
1.0819148936170213
6.772532188841202
1.0824255319148937
6.875536480686695
1.082936170212766
6.978540772532189
1.0835744680851065
7.081545064377682
1.0840851063829788
7.184549356223176
1.0847234042553193
7.28755364806867
1.0849787234042554
7.390557939914164
1.0854893617021277
7.4935622317596575
1.085872340425532
7.5965665236051505
1.0862553191489361
7.699570815450644
1.0866382978723406
7.76824034334764
1.0870212765957448
7.871244635193133
1.087404255319149
7.9742489270386265
1.0877872340425532
8.07725321888412
1.0881702127659576
8.180257510729614
1.0885531914893618
8.283261802575108
1.088936170212766
8.386266094420602
1.0894468085106384
8.489270386266094
1.0898297872340426
8.592274678111588
1.0899574468085107
