2.0
1.0175744680851064
2.0686695278969958
1.0183404255319148
2.171673819742489
1.0194893617021277
2.274678111587983
1.0206382978723405
2.3776824034334765
1.0217872340425531
2.48068669527897
1.022936170212766
2.5836909871244638
1.0240851063829788
2.686695278969957
1.0252340425531916
2.7896995708154506
1.0263829787234042
2.892703862660944
1.027404255319149
2.995708154506438
1.0285531914893618
3.0987124463519313
1.0295744680851064
3.167381974248927
1.030212765957447
3.2703862660944205
1.0312340425531916
3.3733905579399144
1.032255319148936
3.476394849785408
1.0332765957446808
3.5793991416309012
1.0341702127659576
3.682403433476395
1.0351914893617022
3.785407725321888
1.0360851063829788
3.888412017167382
1.0369787234042553
3.991416309012876
1.037872340425532
4.094420600858369
1.0387659574468084
4.197424892703863
1.0396595744680852
4.266094420600858
1.0401702127659576
4.369098712446352
1.040936170212766
4.472103004291846
1.0418297872340425
4.57510729613734
1.0425957446808511
4.6781115879828326
1.0433617021276596
4.781115879828326
1.044
4.884120171673819
1.0447659574468084
4.987124463519313
1.045531914893617
5.090128755364807
1.0461702127659576
5.193133047210301
1.0468085106382978
5.296137339055794
1.0474468085106383
5.399141630901288
1.048212765957447
5.467811158798284
1.0485957446808511
5.570815450643776
1.0492340425531916
5.67381974248927
1.049872340425532
5.776824034334764
1.0503829787234042
5.879828326180258
1.0510212765957447
5.982832618025752
1.0516595744680852
6.085836909871245
1.0521702127659576
6.1888412017167385
1.0528085106382978
6.291845493562231
1.0533191489361702
6.394849785407725
1.0538297872340425
6.497854077253218
1.054468085106383
6.5665236051502145
1.0548510638297872
6.669527896995708
1.0553617021276596
6.772532188841202
1.055872340425532
6.875536480686695
1.0565106382978724
6.978540772532189
1.0570212765957447
7.081545064377682
1.057531914893617
7.184549356223176
1.0580425531914894
7.28755364806867
1.0585531914893618
7.390557939914164
1.0590638297872341
7.4935622317596575
1.0594468085106383
7.5965665236051505
1.0598297872340425
7.699570815450644
1.0603404255319149
7.76824034334764
1.0605957446808512
7.871244635193133
1.0611063829787235
7.9742489270386265
1.0614893617021277
8.07725321888412
1.062
8.180257510729614
1.0623829787234043
8.283261802575108
1.0627659574468085
8.386266094420602
1.0632765957446808
8.489270386266094
1.0636595744680852
8.592274678111588
1.0640425531914894
8.695278969957082
1.0645531914893618
8.798283261802576
1.064936170212766
8.866952789699571
1.0651914893617023
8.969957081545065
1.0657021276595746
9.072961373390559
1.0660851063829788
9.175965665236053
1.066468085106383
9.278969957081545
1.0668510638297872
9.381974248927039
1.0673617021276596
9.484978540772532
1.0677446808510638
9.587982832618026
1.0681276595744682
9.690987124463518
1.0685106382978724
9.793991416309012
1.0688936170212766
9.896995708154506
1.0692765957446808
10.0
1.0696595744680852
10.068669527896995
1.0699148936170213
10.17167381974249
1.0702978723404255
10.274678111587983
1.07068085106383
10.377682403433477
1.0710638297872341
10.480686695278969
1.0714468085106383
10.583690987124463
1.0718297872340425
10.686695278969957
1.072212765957447
10.78969957081545
1.0725957446808512
10.892703862660944
1.0729787234042554
10.995708154506437
1.0733617021276596
11.09871244635193
1.073744680851064
11.167381974248928
1.074
11.27038626609442
1.0743829787234043
11.373390557939913
1.0746382978723406
11.476394849785407
1.0750212765957448
11.579399141630901
1.075404255319149
11.682403433476395
1.0757872340425532
11.785407725321889
1.0760425531914894
11.888412017167383
1.0764255319148937
11.991416309012877
1.0768085106382979
12.09442060085837
1.0770638297872341
12.197424892703864
1.0774468085106383
12.266094420600858
1.0777021276595746
12.369098712446352
1.0779574468085107
12.472103004291846
1.078340425531915
12.57510729613734
1.0785957446808512
12.678111587982833
1.0789787234042554
12.781115879828327
1.0792340425531917
12.884120171673821
1.0796170212765959
12.987124463519315
1.079872340425532
13.090128755364807
1.0802553191489364
13.193133047210301
1.0805106382978724
13.296137339055795
1.0808936170212766
13.399141630901289
1.081148936170213
13.467811158798284
1.081404255319149
13.570815450643778
1.0816595744680852
13.673819742489272
1.0819148936170213
13.776824034334766
1.0822978723404255
13.879828326180258
1.08268085106383
13.982832618025752
1.0830638297872341
14.085836909871245
1.0833191489361702
14.18884120171674
1.0837021276595746
14.291845493562231
1.0839574468085107
14.394849785407725
1.084212765957447
14.49785407725322
1.0845957446808512
14.566523605150216
1.0848510638297872
14.669527896995708
1.0851063829787235
14.772532188841202
1.0853617021276596
14.875536480686694
1.085744680851064
14.978540772532188
1.086
15.081545064377682
1.0863829787234043
15.184549356223176
1.0866382978723406
15.28755364806867
1.0868936170212766
15.390557939914164
1.0872765957446808
15.493562231759658
1.0875319148936171
15.596566523605151
1.0877872340425532
15.699570815450645
1.0881702127659576
15.76824034334764
1.0882978723404255
15.871244635193134
1.0885531914893618
15.974248927038628
1.088936170212766
16.077253218884124
1.0891914893617023
16.18025751072961
1.0894468085106384
16.283261802575105
1.0898297872340426
16.3862660944206
1.0899574468085107
