2.0
1.0119574468085106
2.0686695278969958
1.0123404255319148
2.171673819742489
1.0131063829787235
2.274678111587983
1.0138723404255319
2.3776824034334765
1.0146382978723405
2.48068669527897
1.0152765957446808
2.5836909871244638
1.0160425531914894
2.686695278969957
1.0166808510638299
2.7896995708154506
1.0174468085106383
2.892703862660944
1.0180851063829788
2.995708154506438
1.0188510638297872
3.0987124463519313
1.0194893617021277
3.167381974248927
1.02
3.2703862660944205
1.0206382978723405
3.3733905579399144
1.0212765957446808
3.476394849785408
1.0219148936170213
3.5793991416309012
1.0225531914893617
3.682403433476395
1.0231914893617022
3.785407725321888
1.0238297872340425
3.888412017167382
1.024468085106383
3.991416309012876
1.0249787234042553
4.094420600858369
1.0256170212765958
4.197424892703863
1.0261276595744682
4.266094420600858
1.0266382978723405
4.369098712446352
1.0271489361702129
4.472103004291846
1.0277872340425531
4.57510729613734
1.0282978723404255
4.6781115879828326
1.0288085106382978
4.781115879828326
1.0293191489361702
4.884120171673819
1.0299574468085106
4.987124463519313
1.030468085106383
5.090128755364807
1.0309787234042553
5.193133047210301
1.0314893617021277
5.296137339055794
1.032
5.399141630901288
1.0325106382978724
5.467811158798284
1.0328936170212766
5.570815450643776
1.033404255319149
5.67381974248927
1.0339148936170213
5.776824034334764
1.0344255319148936
5.879828326180258
1.0348085106382978
5.982832618025752
1.0353191489361702
6.085836909871245
1.0358297872340425
6.1888412017167385
1.0363404255319149
6.291845493562231
1.0367234042553193
6.394849785407725
1.0372340425531916
6.497854077253218
1.037744680851064
6.5665236051502145
1.038
6.669527896995708
1.0385106382978724
6.772532188841202
1.0388936170212766
6.875536480686695
1.039404255319149
6.978540772532189
1.0397872340425531
7.081545064377682
1.0402978723404255
7.184549356223176
1.04068085106383
7.28755364806867
1.0411914893617022
7.390557939914164
1.0415744680851065
7.4935622317596575
1.0419574468085107
7.5965665236051505
1.042468085106383
7.699570815450644
1.0428510638297872
7.76824034334764
1.0431063829787235
7.871244635193133
1.0436170212765958
7.9742489270386265
1.044
8.07725321888412
1.0443829787234042
8.180257510729614
1.0448936170212766
8.283261802575108
1.0452765957446808
8.386266094420602
1.0456595744680852
8.489270386266094
1.0461702127659576
8.592274678111588
1.0465531914893618
8.695278969957082
1.0468085106382978
8.798283261802576
1.0471914893617023
8.866952789699571
1.0473191489361702
8.969957081545065
1.0477021276595746
9.072961373390559
1.0480851063829788
9.175965665236053
1.0483404255319149
9.278969957081545
1.0487234042553193
9.381974248927039
1.0489787234042554
9.484978540772532
1.0493617021276596
9.587982832618026
1.0496170212765958
9.690987124463518
1.05
9.793991416309012
1.050255319148936
9.896995708154506
1.0506382978723405
10.0
1.0508936170212766
10.068669527896995
1.0511489361702129
10.17167381974249
1.051404255319149
10.274678111587983
1.0516595744680852
10.377682403433477
1.0520425531914894
10.480686695278969
1.0522978723404255
10.583690987124463
1.0525531914893618
10.686695278969957
1.0528085106382978
10.78969957081545
1.0531914893617023
10.892703862660944
1.0534468085106383
10.995708154506437
1.0537021276595746
11.09871244635193
1.0539574468085107
11.167381974248928
1.0540851063829788
11.27038626609442
1.054468085106383
11.373390557939913
1.0547234042553193
11.476394849785407
1.0549787234042554
11.579399141630901
1.0551063829787235
11.682403433476395
1.0553617021276596
11.785407725321889
1.0556170212765958
11.888412017167383
1.055872340425532
11.991416309012877
1.0561276595744682
12.09442060085837
1.0563829787234043
12.197424892703864
1.0566382978723405
12.266094420600858
1.0567659574468085
12.369098712446352
1.0570212765957447
12.472103004291846
1.0572765957446808
12.57510729613734
1.057404255319149
12.678111587982833
1.0576595744680852
12.781115879828327
1.0579148936170213
12.884120171673821
1.0581702127659576
12.987124463519315
1.0582978723404255
13.090128755364807
1.0585531914893618
13.193133047210301
1.0588085106382978
13.296137339055795
1.058936170212766
13.399141630901289
1.0591914893617023
13.467811158798284
1.0593191489361702
13.570815450643778
1.0595744680851065
13.673819742489272
1.0597021276595746
13.776824034334766
1.0599574468085107
13.879828326180258
1.0600851063829788
13.982832618025752
1.0603404255319149
14.085836909871245
1.060468085106383
14.18884120171674
1.0607234042553193
14.291845493562231
1.0608510638297872
14.394849785407725
1.0611063829787235
14.49785407725322
1.0612340425531916
14.566523605150216
1.0613617021276596
14.669527896995708
1.0616170212765959
14.772532188841202
1.0617446808510638
14.875536480686694
1.062
14.978540772532188
1.0621276595744682
15.081545064377682
1.0623829787234043
15.184549356223176
1.0625106382978724
15.28755364806867
1.0627659574468085
15.390557939914164
1.0628936170212766
15.493562231759658
1.0631489361702129
15.596566523605151
1.0632765957446808
15.699570815450645
1.063531914893617
15.76824034334764
1.0636595744680852
15.871244635193134
1.0637872340425532
15.974248927038628
1.0640425531914894
16.077253218884124
1.0641702127659576
16.18025751072961
1.0644255319148936
16.283261802575105
1.0645531914893618
16.3862660944206
1.0648085106382978
16.489270386266092
1.064936170212766
16.592274678111586
1.0651914893617023
16.69527896995708
1.0653191489361702
16.798283261802574
1.0655744680851065
16.86695278969957
1.0657021276595746
16.969957081545065
1.0658297872340425
17.07296137339056
1.0659574468085107
17.175965665236053
1.066212765957447
17.278969957081546
1.0663404255319149
17.381974248927037
1.066468085106383
17.48497854077253
1.0665957446808512
17.587982832618025
1.0668510638297872
17.69098712446352
1.0669787234042554
17.793991416309012
1.0671063829787235
17.896995708154506
1.0672340425531917
18.0
1.0673617021276596
18.068669527896997
1.0674893617021277
18.17167381974249
1.0676170212765959
18.274678111587985
1.067872340425532
18.37768240343348
1.068
18.480686695278973
1.0681276595744682
18.583690987124466
1.0682553191489363
18.686695278969957
1.0683829787234043
18.78969957081545
1.0686382978723405
18.892703862660944
1.0687659574468085
18.99570815450644
1.0688936170212766
19.098712446351932
1.0690212765957448
19.167381974248926
1.069148936170213
19.27038626609442
1.0692765957446808
19.373390557939913
1.069531914893617
19.476394849785407
1.0696595744680852
19.5793991416309
1.0697872340425532
19.682403433476395
1.0699148936170213
19.78540772532189
1.0701702127659576
