0.06710963455149502
1.0177443609022556
0.0681063122923588
1.017844611528822
0.0691029900332226
1.018045112781955
0.07009966777408638
1.0182456140350877
0.07109634551495017
1.018345864661654
0.07209302325581396
1.018546365914787
0.07308970099667775
1.0187468671679198
0.07408637873754154
1.0188471177944862
0.07508305647840532
1.019047619047619
0.07607973421926911
1.019248120300752
0.0770764119601329
1.0193483709273183
0.07807308970099669
1.019548872180451
0.07906976744186048
1.019749373433584
0.08006644518272427
1.0199498746867168
0.08106312292358804
1.0200501253132832
0.08205980066445183
1.020250626566416
0.08305647840531562
1.020451127819549
0.0840531561461794
1.0205513784461153
0.0850498338870432
1.020751879699248
0.08604651162790698
1.0208521303258145
0.08704318936877077
1.0210526315789474
0.08803986710963456
1.0212531328320802
0.08903654485049835
1.0213533834586466
0.09003322259136214
1.0215538847117795
0.09102990033222592
1.0217543859649123
0.09202657807308971
1.0218546365914787
0.0930232558139535
1.0220551378446114
0.09401993355481728
1.022155388471178
0.09501661129568106
1.0223558897243108
0.09601328903654485
1.0225563909774436
0.09700996677740864
1.02265664160401
0.09800664451827243
1.022857142857143
0.09900332225913622
1.0230576441102757
0.1
1.023157894736842
0.1009966777408638
1.023358395989975
0.10199335548172758
1.0235588972431078
0.10299003322259137
1.0236591478696742
0.10398671096345516
1.0238596491228071
0.10498338870431895
1.0239598997493735
0.10598006644518274
1.0241604010025063
0.10697674418604651
1.0242606516290726
0.1079734219269103
1.0244611528822056
0.10897009966777409
1.024561403508772
0.10996677740863788
1.0247619047619048
0.11096345514950166
1.0249624060150375
0.11196013289036545
1.0250626566416041
0.11295681063122924
1.0252631578947369
0.11395348837209303
1.0253634085213033
0.11495016611295682
1.025563909774436
0.1159468438538206
1.0256641604010026
0.1169435215946844
1.0258646616541354
0.11794019933554818
1.0260651629072681
0.11893687707641197
1.0261654135338345
0.11993355481727574
1.026265664160401
0.12093023255813953
1.0264661654135339
0.12192691029900332
1.0265664160401002
0.12292358803986711
1.026766917293233
0.1239202657807309
1.0268671679197996
0.12491694352159469
1.0270676691729324
0.12591362126245847
1.0271679197994987
0.12691029900332226
1.0273684210526317
0.12790697674418605
1.027468671679198
0.12890365448504984
1.0276691729323308
0.12990033222591363
1.0277694235588972
0.13089700996677742
1.0278696741854636
0.1318936877076412
1.0280701754385966
0.132890365448505
1.028170426065163
0.13388704318936878
1.0283709273182957
0.13488372093023257
1.028471177944862
0.13588039867109636
1.028671679197995
0.13687707641196015
1.0287719298245614
0.13787375415282394
1.0288721804511278
0.1388704318936877
1.0290726817042606
0.1398671096345515
1.0291729323308272
0.14086378737541527
1.0292731829573936
0.1418604651162791
1.0294736842105263
0.14285714285714285
1.0295739348370927
0.14385382059800667
1.029674185463659
0.14485049833887043
1.029874686716792
0.14584717607973424
1.0299749373433584
0.146843853820598
1.0300751879699248
0.1478405315614618
1.0302756892230576
0.14883720930232558
1.0303759398496242
0.15033222591362128
1.030576441102757
0.15132890365448504
1.0306766917293233
0.15232558139534885
1.0307769423558897
0.1533222591362126
1.0309774436090227
0.15431893687707643
1.031077694235589
0.1553156146179402
1.0311779448621554
0.15631229235880398
1.0312781954887218
0.15730897009966777
1.0314786967418548
0.15830564784053155
1.0315789473684212
0.15930232558139534
1.0316791979949875
0.16029900332225913
1.031779448621554
0.16129568106312292
1.0319799498746867
0.1622923588039867
1.0320802005012533
0.1632890365448505
1.0321804511278196
0.16428571428571428
1.032280701754386
0.16528239202657807
1.0323809523809524
0.16627906976744186
1.0325814536340852
0.16727574750830565
1.0326817042606518
0.16827242524916944
1.0327819548872181
0.16926910299003323
1.0328822055137845
0.17026578073089702
1.032982456140351
0.1712624584717608
1.0330827067669173
0.1722591362126246
1.0332832080200502
0.17325581395348838
1.0333834586466166
0.17425249169435217
1.033483709273183
0.17524916943521596
1.0335839598997494
0.17624584717607975
1.0336842105263158
0.17724252491694353
1.0337844611528821
0.1782392026578073
1.0338847117794487
0.1792358803986711
1.0340852130325815
0.18023255813953487
1.0341854636591479
0.1812292358803987
1.0342857142857143
0.18222591362126245
1.0343859649122806
0.18322259136212626
1.0344862155388472
0.18421926910299002
1.0345864661654136
0.18521594684385384
1.03468671679198
0.1862126245847176
1.0347869674185464
0.18720930232558142
1.0348872180451127
0.18820598006644518
1.0350877192982457
0.189202657807309
1.035187969924812
0.19019933554817275
1.0352882205513785
0.19119601328903657
1.0353884711779449
0.19219269102990033
1.0354887218045112
0.19318936877076415
1.0355889724310776
0.1941860465116279
1.0356892230576442
0.19518272425249167
1.0357894736842106
0.19617940199335548
1.035889724310777
0.19717607973421925
1.0359899749373433
0.19817275747508306
1.0360902255639097
0.19916943521594682
1.0361904761904763
0.20016611295681064
1.0362907268170427
0.2011627906976744
1.036390977443609
0.20215946843853821
1.0364912280701755
0.20315614617940198
1.0365914786967418
0.2041528239202658
1.0366917293233082
0.20514950166112955
1.0367919799498748
0.20614617940199337
1.0369924812030076
0.20714285714285713
1.037092731829574
0.20813953488372094
1.0371929824561403
0.2091362126245847
1.0372932330827067
0.21013289036544852
1.0373934837092733
0.21112956810631228
1.0374937343358397
0.21212624584717607
1.037593984962406
0.21312292358803986
1.0376942355889724
0.21411960132890365
1.0377944862155388
0.21511627906976744
1.0378947368421052
0.21611295681063122
1.0379949874686718
0.217109634551495
1.0380952380952382
0.2181063122923588
1.0381954887218046
0.2191029900332226
1.038295739348371
0.22009966777408638
1.0383959899749373
0.22109634551495017
1.0383959899749373
0.22209302325581395
1.0384962406015037
0.22308970099667774
1.0385964912280703
0.22408637873754153
1.0386967418546367
0.22508305647840532
1.038796992481203
0.2260797342192691
1.0388972431077694
0.2270764119601329
1.0389974937343358
0.22807308970099666
1.0390977443609022
0.22906976744186044
1.0391979949874688
0.23006644518272423
1.0392982456140352
0.23106312292358802
1.0393984962406015
0.2320598006644518
1.039498746867168
0.2330564784053156
1.0395989974937343
0.2340531561461794
1.0396992481203007
0.23504983388704317
1.0397994987468673
0.23604651162790696
1.0398997493734337
0.23704318936877075
1.04
0.23803986710963454
1.0401002506265664
0.23903654485049833
1.0402005012531328
0.24003322259136212
1.0403007518796992
0.2410299003322259
1.0404010025062658
0.2420265780730897
1.0405012531328321
0.24302325581395348
1.0406015037593985
0.24401993355481727
1.0406015037593985
0.24501661129568106
1.040701754385965
0.24601328903654485
1.0408020050125313
0.24700996677740863
1.0409022556390979
0.24800664451827242
1.0410025062656643
0.2490033222591362
1.0411027568922306
0.25
1.041203007518797
0.25099667774086376
1.0413032581453634
0.2519933554817276
1.0414035087719298
0.2529900332225914
1.0415037593984964
0.25398671096345515
1.0416040100250628
0.2549833887043189
1.0417042606516291
0.2559800664451827
1.0417042606516291
0.2569767441860465
1.0418045112781955
0.2579734219269103
1.041904761904762
0.25897009966777407
1.0420050125313283
0.25996677740863783
1.0421052631578949
0.26096345514950164
1.0422055137844612
0.26196013289036546
1.0423057644110276
0.2629568106312292
1.042406015037594
0.263953488372093
1.0425062656641604
0.2649501661129568
1.0426065162907268
0.2659468438538206
1.0427067669172934
0.2669435215946844
1.0427067669172934
0.26794019933554813
1.0428070175438597
0.26893687707641195
1.0429072681704261
0.26993355481727577
1.0430075187969925
0.2709302325581395
1.0431077694235589
0.2719269102990033
1.0432080200501253
0.2729235880398671
1.0433082706766919
0.2739202657807309
1.0434085213032582
0.2749169435215947
1.0435087719298246
0.27591362126245844
1.0435087719298246
0.27691029900332226
1.043609022556391
0.2779069767441861
1.0437092731829574
0.27890365448504983
1.0438095238095237
0.2799003322259136
1.0439097744360903
0.2808970099667774
1.0440100250626567
0.2818936877076412
1.044110275689223
0.282890365448505
1.044110275689223
0.28388704318936875
1.0442105263157895
0.28488372093023256
1.0443107769423559
0.2858803986710964
1.0443107769423559
0.28687707641196014
1.0444110275689222
0.2878737541528239
1.0445112781954888
0.28887043189368766
1.0445112781954888
0.2898671096345515
1.0446115288220552
0.2908637873754153
1.0447117794486216
0.29186046511627906
1.044812030075188
0.2928571428571428
1.044812030075188
0.29385382059800663
1.0449122807017543
0.29485049833887045
1.0450125313283207
0.2958471760797342
1.0450125313283207
0.29684385382059797
1.0451127819548873
0.2978405315614618
1.0452130325814537
0.2988372093023256
1.0452130325814537
0.30033222591362124
1.0454135338345865
0.30132890365448506
1.0454135338345865
0.3023255813953488
1.0455137844611528
0.3033222591362126
1.0456140350877194
0.3043189368770764
1.0456140350877194
0.3053156146179402
1.0457142857142858
0.306312292358804
1.0458145363408522
0.30730897009966773
1.0458145363408522
0.30830564784053155
1.0459147869674186
0.30930232558139537
1.046015037593985
0.3102990033222591
1.046015037593985
0.3112956810631229
1.0461152882205513
0.3122923588039867
1.046215538847118
0.3132890365448505
1.046215538847118
0.3142857142857143
1.0463157894736843
0.31528239202657804
1.0464160401002507
0.31627906976744186
1.046516290726817
0.31727574750830567
1.046516290726817
0.31827242524916943
1.0466165413533834
0.3192691029900332
1.0467167919799498
0.320265780730897
1.0467167919799498
0.3212624584717608
1.0468170426065164
0.3222591362126246
1.0469172932330828
0.32325581395348835
1.0469172932330828
0.3242524916943521
1.0470175438596492
0.3252491694352159
1.0471177944862156
0.32624584717607974
1.0471177944862156
0.3272425249169435
1.047218045112782
0.32823920265780726
1.0473182957393483
0.3292358803986711
1.0473182957393483
0.3302325581395349
1.047418546365915
0.33122923588039865
1.0475187969924813
0.3322259136212624
1.0475187969924813
0.33322259136212623
1.0476190476190477
0.33421926910299005
1.047719298245614
0.3352159468438538
1.047719298245614
0.33621262458471757
1.0478195488721804
0.3372093023255814
1.0479197994987468
0.3382059800664452
1.0479197994987468
0.33920265780730896
1.0480200501253134
0.3401993355481727
1.0480200501253134
0.34119601328903654
1.0481203007518798
0.34219269102990035
1.0482205513784462
0.3431893687707641
1.0482205513784462
0.3441860465116279
1.0483208020050125
0.3451827242524917
1.048421052631579
0.3461794019933555
1.048421052631579
0.34717607973421927
1.0485213032581453
0.34817275747508303
1.048621553884712
0.34916943521594684
1.048621553884712
0.35016611295681066
1.0487218045112783
0.3511627906976744
1.0487218045112783
0.3521594684385382
1.0488220551378447
0.35315614617940194
1.048922305764411
0.3541528239202658
1.048922305764411
0.3551495016611296
1.0490225563909774
0.35614617940199333
1.049122807017544
0.3571428571428571
1.049122807017544
0.35813953488372086
1.0492230576441104
0.3591362126245847
1.0492230576441104
0.3601328903654485
1.0493233082706768
0.36112956810631225
1.0494235588972431
0.362126245847176
1.0494235588972431
0.3631229235880399
1.0495238095238095
0.36411960132890364
1.0495238095238095
0.3651162790697674
1.049624060150376
0.36611295681063116
1.0497243107769425
0.36710963455149503
1.0497243107769425
0.3681063122923588
1.0498245614035089
0.36910299003322256
1.0498245614035089
0.3700996677740863
1.0499248120300753
0.3710963455149502
1.0499248120300753
0.37209302325581395
1.0500250626566416
0.3730897009966777
1.050125313283208
0.37408637873754147
1.050125313283208
0.37508305647840534
1.0502255639097744
0.3760797342192691
1.0502255639097744
0.37707641196013286
1.050325814536341
0.3780730897009966
1.050325814536341
0.3790697674418605
1.0504260651629074
0.38006644518272426
1.0505263157894738
0.381063122923588
1.0505263157894738
0.3820598006644518
1.0506265664160401
0.38305647840531565
1.0506265664160401
0.3840531561461794
1.0507268170426065
0.38504983388704317
1.0507268170426065
0.38604651162790693
1.0508270676691729
0.3870431893687708
1.0508270676691729
0.38803986710963456
1.0509273182957395
0.3890365448504983
1.0510275689223059
0.3900332225913621
1.0510275689223059
0.39102990033222595
1.0511278195488722
0.3920265780730897
1.0511278195488722
0.3930232558139535
1.0512280701754386
0.39401993355481724
1.0512280701754386
0.3950166112956811
1.051328320802005
0.39601328903654487
1.051328320802005
0.39700996677740863
1.0514285714285714
0.3980066445182724
1.0514285714285714
0.39900332225913626
1.051528822055138
0.4
1.051528822055138
0.4009966777408638
1.0516290726817044
0.40199335548172754
1.0516290726817044
0.4029900332225914
1.0517293233082707
0.4039867109634552
1.0517293233082707
0.40498338870431894
1.0518295739348371
0.4059800664451827
1.0518295739348371
0.40697674418604646
1.0519298245614035
0.4079734219269102
1.0519298245614035
0.4089700996677741
1.0520300751879699
0.40996677740863785
1.0520300751879699
0.4109634551495016
1.0521303258145365
0.41196013289036537
1.0521303258145365
0.41295681063122924
1.0522305764411028
0.413953488372093
1.0522305764411028
0.41495016611295676
1.0522305764411028
0.4159468438538205
1.0523308270676692
0.4169435215946844
1.0523308270676692
0.41794019933554816
1.0524310776942356
0.4189368770764119
1.0524310776942356
0.4199335548172757
1.052531328320802
0.42093023255813955
1.052531328320802
0.4219269102990033
1.052531328320802
0.42292358803986707
1.0526315789473684
0.42392026578073083
1.0526315789473684
0.4249169435215947
1.052731829573935
0.42591362126245846
1.052731829573935
0.4269102990033222
1.0528320802005013
0.427906976744186
1.0528320802005013
0.42890365448504986
1.0528320802005013
0.4299003322259136
1.0529323308270677
0.4308970099667774
1.0529323308270677
0.43189368770764114
1.053032581453634
0.432890365448505
1.053032581453634
0.43388704318936877
1.0531328320802005
0.43488372093023253
1.0531328320802005
0.4358803986710963
1.0531328320802005
0.43687707641196016
1.0532330827067669
0.4378737541528239
1.0532330827067669
0.4388704318936877
1.0532330827067669
0.43986710963455145
1.0533333333333335
0.4408637873754153
1.0533333333333335
0.4418604651162791
1.0534335839598998
0.44285714285714284
1.0534335839598998
0.4438538205980066
1.0534335839598998
0.44485049833887047
1.0535338345864662
0.44584717607973423
1.0535338345864662
0.446843853820598
1.0535338345864662
0.44784053156146175
1.0536340852130326
0.4488372093023256
1.0536340852130326
0.4503322259136212
1.053734335839599
0.4513289036544851
1.053734335839599
0.45232558139534884
1.0538345864661656
0.4533222591362126
1.0538345864661656
0.45431893687707636
1.0538345864661656
0.45531561461794023
1.053934837092732
0.456312292358804
1.053934837092732
0.45730897009966776
1.053934837092732
0.4583056478405315
1.0540350877192983
0.4593023255813954
1.0540350877192983
0.46029900332225915
1.0540350877192983
0.4612956810631229
1.0541353383458647
0.46229235880398667
1.0541353383458647
0.46328903654485054
1.0541353383458647
0.4642857142857143
1.054235588972431
0.46528239202657806
1.054235588972431
0.4662790697674418
1.054235588972431
0.4672757475083057
1.054235588972431
0.46827242524916945
1.0543358395989975
0.4692691029900332
1.0543358395989975
0.470265780730897
1.0543358395989975
0.47126245847176085
1.054436090225564
0.4722591362126246
1.054436090225564
0.47325581395348837
1.054436090225564
0.47425249169435213
1.0545363408521304
0.4752491694352159
1.0545363408521304
0.47624584717607965
1.0545363408521304
0.4772425249169435
1.0546365914786968
0.4782392026578073
1.0546365914786968
0.47923588039867104
1.0546365914786968
0.4802325581395348
1.0546365914786968
0.4812292358803987
1.0547368421052632
0.48222591362126244
1.0547368421052632
0.4832225913621262
1.0547368421052632
0.48421926910298996
1.0548370927318296
0.48521594684385383
1.0548370927318296
0.4862126245847176
1.0548370927318296
0.48720930232558135
1.0548370927318296
0.4882059800664451
1.054937343358396
0.489202657807309
1.054937343358396
0.49019933554817274
1.054937343358396
0.4911960132890365
1.054937343358396
0.49219269102990026
1.0550375939849626
0.49318936877076414
1.0550375939849626
0.4941860465116279
1.0550375939849626
0.49518272425249166
1.055137844611529
0.4961794019933554
1.055137844611529
0.4971760797342193
1.055137844611529
0.49817275747508305
1.055137844611529
0.4991694352159468
1.0552380952380953
0.5001661129568106
1.0552380952380953
0.5011627906976744
1.0552380952380953
0.5021594684385382
1.0552380952380953
0.503156146179402
1.0553383458646617
0.5041528239202657
1.0553383458646617
0.5051495016611296
1.0553383458646617
0.5061461794019934
1.0553383458646617
0.5071428571428571
1.055438596491228
0.5081395348837209
1.055438596491228
0.5091362126245847
1.055438596491228
0.5101328903654485
1.055438596491228
0.5111295681063123
1.055438596491228
0.512126245847176
1.0555388471177944
0.5131229235880399
1.0555388471177944
0.5141196013289037
1.0555388471177944
0.5151162790697674
1.0555388471177944
0.5161129568106312
1.055639097744361
0.5171096345514951
1.055639097744361
0.5181063122923588
1.055639097744361
0.5191029900332226
1.055639097744361
0.5200996677740863
1.0557393483709274
0.5210963455149502
1.0557393483709274
0.522093023255814
1.0557393483709274
0.5230897009966777
1.0557393483709274
0.5240863787375415
1.0558395989974938
0.5250830564784054
1.0558395989974938
0.5260797342192691
1.0558395989974938
0.5270764119601329
1.0558395989974938
0.5280730897009966
1.0558395989974938
0.5290697674418605
1.0559398496240602
0.5300664451827243
1.0559398496240602
0.531063122923588
1.0559398496240602
0.5320598006644518
1.0559398496240602
0.5330564784053157
1.0560401002506266
0.5340531561461794
1.0560401002506266
0.5350498338870432
1.0560401002506266
0.536046511627907
1.0560401002506266
0.5370431893687708
1.0560401002506266
0.5380398671096346
1.056140350877193
0.5390365448504983
1.056140350877193
0.5400332225913621
1.056140350877193
0.541029900332226
1.056140350877193
0.5420265780730897
1.0562406015037595
0.5430232558139534
1.0562406015037595
0.5440199335548173
1.0562406015037595
0.545016611295681
1.0562406015037595
0.5460132890365448
1.0562406015037595
0.5470099667774085
1.056340852130326
0.5480066445182724
1.056340852130326
0.5490033222591362
1.056340852130326
0.5499999999999999
1.056340852130326
0.5509966777408637
1.056340852130326
0.5519933554817276
1.056340852130326
0.5529900332225913
1.056340852130326
0.5539867109634551
1.056340852130326
0.5549833887043188
1.056340852130326
0.5559800664451827
1.056340852130326
0.5569767441860465
1.056340852130326
0.5579734219269102
1.056340852130326
0.558970099667774
1.0564411027568923
0.5599667774086379
1.0564411027568923
0.5609634551495016
1.0564411027568923
0.5619601328903654
1.0564411027568923
0.5629568106312292
1.0564411027568923
0.563953488372093
1.0564411027568923
0.5649501661129568
1.0564411027568923
0.5659468438538205
1.0564411027568923
0.5669435215946843
1.0564411027568923
0.5679401993355482
1.0564411027568923
0.5689368770764119
1.0564411027568923
0.5699335548172757
1.0564411027568923
0.5709302325581395
1.0564411027568923
0.5719269102990033
1.0564411027568923
0.5729235880398671
1.0565413533834587
0.5739202657807309
1.0565413533834587
0.5749169435215946
1.0565413533834587
0.5759136212624585
1.0565413533834587
0.5769102990033222
1.0565413533834587
0.577906976744186
1.0565413533834587
0.5789036544850498
1.0565413533834587
0.5799003322259136
1.0565413533834587
0.5808970099667774
1.0565413533834587
0.5818936877076412
1.0565413533834587
0.5828903654485049
1.0565413533834587
0.5838870431893688
1.0565413533834587
0.5848837209302326
1.0565413533834587
0.5858803986710963
1.0565413533834587
0.5868770764119601
1.056641604010025
0.587873754152824
1.056641604010025
0.5888704318936877
1.056641604010025
0.5898671096345515
1.056641604010025
0.5908637873754152
1.056641604010025
0.5918604651162791
1.056641604010025
0.5928571428571429
1.056641604010025
0.5938538205980066
1.056641604010025
0.5948504983388704
1.056641604010025
0.5958471760797343
1.056641604010025
0.596843853820598
1.056641604010025
0.5978405315614618
1.056641604010025
0.5988372093023255
1.056641604010025
0.6003322259136212
1.056641604010025
0.601328903654485
1.056641604010025
0.6023255813953489
1.056641604010025
0.6033222591362126
1.056641604010025
0.6043189368770764
1.056641604010025
0.6053156146179401
1.056641604010025
0.6063122923588039
1.0567418546365914
0.6073089700996678
1.0567418546365914
0.6083056478405315
1.0567418546365914
0.6093023255813953
1.0567418546365914
0.6102990033222591
1.0567418546365914
0.6112956810631228
1.0567418546365914
0.6122923588039866
1.0567418546365914
0.6132890365448505
1.0567418546365914
0.6142857142857142
1.0567418546365914
0.615282392026578
1.0567418546365914
0.6162790697674417
1.0567418546365914
0.6172757475083056
1.0567418546365914
0.6182724252491694
1.0567418546365914
0.6192691029900331
1.0567418546365914
0.6202657807308969
1.0567418546365914
0.6212624584717608
1.0567418546365914
0.6222591362126245
1.0567418546365914
0.6232558139534883
1.0567418546365914
0.624252491694352
1.0567418546365914
0.6252491694352159
1.0567418546365914
0.6262458471760797
1.0567418546365914
0.6272425249169434
1.0567418546365914
0.6282392026578072
1.0567418546365914
0.6292358803986711
1.0567418546365914
0.6302325581395348
1.0567418546365914
0.6312292358803986
1.0567418546365914
0.6322259136212623
1.0567418546365914
0.6332225913621262
1.0567418546365914
0.63421926910299
1.0567418546365914
0.6352159468438537
1.0567418546365914
0.6362126245847175
1.0567418546365914
0.6372093023255814
1.0567418546365914
0.6382059800664451
1.0567418546365914
0.6392026578073089
1.0567418546365914
0.6401993355481727
1.0567418546365914
0.6411960132890365
1.0567418546365914
0.6421926910299003
1.0567418546365914
0.643189368770764
1.0567418546365914
0.6441860465116278
1.0567418546365914
0.6451827242524917
1.0567418546365914
0.6461794019933554
1.0567418546365914
0.6471760797342192
1.0567418546365914
0.648172757475083
1.0567418546365914
0.6491694352159468
1.0567418546365914
0.6501661129568106
1.0567418546365914
0.6511627906976744
1.0567418546365914
0.6521594684385381
1.0567418546365914
0.653156146179402
1.0567418546365914
0.6541528239202657
1.0567418546365914
0.6551495016611295
1.0567418546365914
0.6561461794019933
1.0567418546365914
0.6571428571428571
1.0567418546365914
0.6581395348837209
1.0567418546365914
0.6591362126245847
1.0567418546365914
0.6601328903654484
1.0567418546365914
0.6611295681063123
1.0567418546365914
0.662126245847176
1.0567418546365914
0.6631229235880398
1.0567418546365914
0.6641196013289036
1.0567418546365914
0.6651162790697674
1.0567418546365914
0.6661129568106312
1.0567418546365914
0.667109634551495
1.0567418546365914
0.6681063122923587
1.0567418546365914
0.6691029900332226
1.0567418546365914
0.6700996677740864
1.0567418546365914
0.6710963455149501
1.0567418546365914
0.6720930232558139
1.0567418546365914
0.6730897009966778
1.0567418546365914
0.6740863787375415
1.056641604010025
0.6750830564784053
1.056641604010025
0.676079734219269
1.056641604010025
0.6770764119601329
1.056641604010025
0.6780730897009967
1.056641604010025
0.6790697674418604
1.056641604010025
0.6800664451827242
1.056641604010025
0.6810631229235881
1.056641604010025
0.6820598006644518
1.056641604010025
0.6830564784053156
1.056641604010025
0.6840531561461793
1.056641604010025
0.6850498338870432
1.056641604010025
0.686046511627907
1.056641604010025
0.6870431893687707
1.056641604010025
0.6880398671096345
1.056641604010025
0.6890365448504984
1.056641604010025
0.6900332225913621
1.056641604010025
0.6910299003322259
1.0565413533834587
0.6920265780730896
1.0565413533834587
0.6930232558139535
1.0565413533834587
0.6940199335548173
1.0565413533834587
0.695016611295681
1.0565413533834587
0.6960132890365448
1.0565413533834587
0.6970099667774087
1.0565413533834587
0.6980066445182724
1.0565413533834587
0.6990033222591362
1.0565413533834587
0.7
1.0565413533834587
0.7009966777408638
1.0564411027568923
0.7019933554817276
1.0564411027568923
0.7029900332225913
1.0564411027568923
0.7039867109634551
1.0564411027568923
0.704983388704319
1.0564411027568923
0.7059800664451827
1.0564411027568923
0.7069767441860465
1.0564411027568923
0.7079734219269103
1.0564411027568923
0.7089700996677741
1.056340852130326
0.7099667774086379
1.056340852130326
0.7109634551495017
1.056340852130326
0.7119601328903654
1.056340852130326
0.7129568106312292
1.056340852130326
0.7139534883720929
1.056340852130326
0.7149501661129567
1.056340852130326
0.7159468438538205
1.0562406015037595
0.7169435215946843
1.0562406015037595
0.7179401993355481
1.0562406015037595
0.7189368770764119
1.0562406015037595
0.7199335548172756
1.0562406015037595
0.7209302325581395
1.0562406015037595
0.7219269102990032
1.0562406015037595
0.722923588039867
1.056140350877193
0.7239202657807308
1.056140350877193
0.7249169435215945
1.056140350877193
0.7259136212624584
1.056140350877193
0.7269102990033222
1.056140350877193
0.7279069767441859
1.0560401002506266
0.7289036544850497
1.0560401002506266
0.7299003322259136
1.0560401002506266
0.7308970099667773
1.0560401002506266
0.7318936877076411
1.0560401002506266
0.7328903654485048
1.0560401002506266
0.7338870431893687
1.0559398496240602
0.7348837209302325
1.0559398496240602
0.7358803986710962
1.0559398496240602
0.73687707641196
1.0559398496240602
0.7378737541528239
1.0558395989974938
0.7388704318936876
1.0558395989974938
0.7398671096345514
1.0558395989974938
0.7408637873754151
1.0558395989974938
0.741860465116279
1.0558395989974938
0.7428571428571428
1.0557393483709274
0.7438538205980065
1.0557393483709274
0.7448504983388703
1.0557393483709274
0.7458471760797342
1.0557393483709274
0.7468438538205979
1.055639097744361
0.7478405315614617
1.055639097744361
0.7488372093023254
1.055639097744361
0.7503322259136211
1.0555388471177944
0.751328903654485
1.0555388471177944
0.7523255813953488
1.0555388471177944
0.7533222591362125
1.0555388471177944
0.7543189368770763
1.055438596491228
0.7553156146179402
1.055438596491228
0.7563122923588039
1.055438596491228
0.7573089700996677
1.055438596491228
0.7583056478405314
1.0553383458646617
0.7593023255813953
1.0553383458646617
0.7602990033222591
1.0553383458646617
0.7612956810631228
1.0552380952380953
0.7622923588039866
1.0552380952380953
0.7632890365448505
1.0552380952380953
0.7642857142857142
1.055137844611529
0.765282392026578
1.055137844611529
0.7662790697674418
1.055137844611529
0.7672757475083056
1.055137844611529
0.7682724252491694
1.0550375939849626
0.7692691029900331
1.0550375939849626
0.7702657807308969
1.0550375939849626
0.7712624584717608
1.054937343358396
0.7722591362126245
1.054937343358396
0.7732558139534883
1.054937343358396
0.7742524916943521
1.0548370927318296
0.7752491694352159
1.0548370927318296
0.7762458471760797
1.0548370927318296
0.7772425249169435
1.0547368421052632
0.7782392026578072
1.0547368421052632
0.7792358803986711
1.0547368421052632
0.7802325581395348
1.0546365914786968
0.7812292358803986
1.0546365914786968
0.7822259136212624
1.0546365914786968
0.7832225913621262
1.0545363408521304
0.78421926910299
1.0545363408521304
0.7852159468438538
1.0545363408521304
0.7862126245847175
1.054436090225564
0.7872093023255814
1.054436090225564
0.7882059800664452
1.054436090225564
0.7892026578073089
1.0543358395989975
0.7901993355481727
1.0543358395989975
0.7911960132890364
1.0543358395989975
0.7921926910299003
1.054235588972431
0.7931893687707641
1.054235588972431
0.7941860465116278
1.0541353383458647
0.7951827242524916
1.0541353383458647
0.7961794019933555
1.0541353383458647
0.7971760797342192
1.0540350877192983
0.798172757475083
1.0540350877192983
0.7991694352159467
1.0540350877192983
