0.31888888888888894
0.6162062615101289
0.32000000000000006
0.6162062615101289
0.32074074074074077
0.6162062615101289
0.3218518518518519
0.6158379373848987
0.322962962962963
0.6158379373848987
0.3237037037037037
0.6154696132596685
0.3248148148148149
0.6154696132596685
0.32592592592592595
0.6151012891344383
0.3266666666666667
0.6147329650092082
0.32777777777777783
0.6147329650092082
0.3288888888888889
0.6143646408839779
0.33
0.6139963167587477
0.3307407407407408
0.6136279926335175
0.3318518518518519
0.6136279926335175
0.332962962962963
0.6132596685082873
0.3337037037037037
0.612891344383057
0.33481481481481484
0.6125230202578269
0.33592592592592596
0.6121546961325967
0.33666666666666667
0.6121546961325967
0.33777777777777784
0.6117863720073665
0.3388888888888889
0.6114180478821363
0.34
0.611049723756906
0.3407407407407408
0.6106813996316758
0.3418518518518519
0.6106813996316758
0.342962962962963
0.6103130755064456
0.34370370370370373
0.6099447513812155
0.34481481481481485
0.6095764272559853
0.34592592592592597
0.609208103130755
0.3466666666666667
0.6088397790055249
0.3477777777777778
0.6084714548802946
0.3488888888888889
0.6081031307550644
0.35000000000000003
0.6081031307550644
0.3507407407407408
0.6077348066298343
0.35185185185185186
0.607366482504604
0.352962962962963
0.6069981583793738
0.35370370370370374
0.6066298342541436
0.35481481481481486
0.6062615101289135
0.355925925925926
0.6058931860036832
0.3566666666666667
0.6058931860036832
0.3577777777777778
0.605524861878453
0.3588888888888889
0.6051565377532229
0.36000000000000004
0.6047882136279926
0.36074074074074075
0.6044198895027624
0.36185185185185187
0.6040515653775322
0.362962962962963
0.603683241252302
0.36370370370370375
0.6033149171270717
0.36481481481481487
0.6029465930018416
0.36592592592592593
0.6025782688766115
0.3666666666666667
0.6022099447513812
0.3677777777777778
0.601841620626151
0.36888888888888893
0.6014732965009207
0.37000000000000005
0.6011049723756906
0.37074074074074076
0.6011049723756906
0.3718518518518519
0.6007366482504604
0.372962962962963
0.6003683241252302
0.37370370370370376
0.6
0.3748148148148148
0.5996316758747697
0.37592592592592594
0.5992633517495396
0.3766666666666667
0.5988950276243094
0.3777777777777778
0.5985267034990791
0.37888888888888894
0.598158379373849
0.38
0.5977900552486187
0.38074074074074077
0.5974217311233886
0.3818518518518519
0.5970534069981583
0.382962962962963
0.5966850828729282
0.3837037037037037
0.596316758747698
0.38481481481481483
0.5959484346224677
0.38592592592592595
0.5955801104972376
0.3866666666666667
0.5952117863720073
0.3877777777777778
0.5948434622467771
0.3888888888888889
0.594475138121547
0.39
0.5937384898710866
0.3907407407407408
0.5937384898710866
0.3918518518518519
0.5930018416206262
0.392962962962963
0.592633517495396
0.3937037037037037
0.592633517495396
0.39481481481481484
0.5918968692449356
0.39592592592592596
0.5915285451197053
0.39666666666666667
0.5911602209944751
0.3977777777777778
0.5907918968692449
0.3988888888888889
0.5904235727440147
0.4
0.5896869244935543
0.4007407407407408
0.5893186003683241
0.40185185185185185
0.5889502762430939
0.40296296296296297
0.5885819521178637
0.40370370370370373
0.5882136279926335
0.40481481481481485
0.5878453038674033
0.40592592592592597
0.5871086556169429
0.4066666666666667
0.5867403314917127
0.4077777777777778
0.5863720073664824
0.4088888888888889
0.585635359116022
0.41000000000000003
0.5848987108655617
0.41074074074074074
0.5845303867403315
0.41185185185185186
0.5841620626151013
0.412962962962963
0.5834254143646409
0.41370370370370374
0.5830570902394107
0.41481481481481486
0.5826887661141804
0.4159259259259259
0.58195211786372
0.4166666666666667
0.5815837937384899
0.4177777777777778
0.5808471454880295
0.4188888888888889
0.5804788213627993
0.42000000000000004
0.5797421731123389
0.42074074074074075
0.5793738489871086
0.42185185185185187
0.5786372007366483
0.422962962962963
0.5779005524861879
0.4237037037037037
0.5775322283609576
0.4248148148148148
0.5771639042357274
0.42592592592592593
0.576427255985267
0.4266666666666667
0.5760589318600369
0.4277777777777778
0.5753222836095764
0.42888888888888893
0.574585635359116
0.43
0.5738489871086556
0.43074074074074076
0.5734806629834254
0.4318518518518519
0.572744014732965
0.432962962962963
0.5720073664825046
0.4337037037037037
0.5716390423572744
0.4348148148148148
0.570902394106814
0.43592592592592594
0.5701657458563536
0.4366666666666667
0.5694290976058932
0.4377777777777778
0.5686924493554328
0.4388888888888889
0.5679558011049723
0.44
0.567219152854512
0.44074074074074077
0.5668508287292817
0.4418518518518519
0.5657458563535912
0.442962962962963
0.5650092081031307
0.4437037037037037
0.5646408839779005
0.44481481481481483
0.5639042357274402
0.44592592592592595
0.5627992633517496
0.44666666666666666
0.5624309392265193
0.4477777777777778
0.5613259668508287
0.4488888888888889
0.5605893186003683
0.45
0.5598526703499079
0.4507407407407408
0.5591160220994476
0.45185185185185184
0.5583793738489871
0.45296296296296296
0.5572744014732964
0.4537037037037037
0.5569060773480663
0.45481481481481484
0.5558011049723757
0.45592592592592596
0.554696132596685
0.45666666666666667
0.5543278084714549
0.4577777777777778
0.5532228360957643
0.4588888888888889
0.5524861878453039
0.46
0.5513812154696133
0.46074074074074073
0.5506445672191529
0.46185185185185185
0.5499079189686924
0.46296296296296297
0.5488029465930019
0.46370370370370373
0.5480662983425414
0.4648148148148148
0.5469613259668509
0.46592592592592597
0.5462246777163904
0.4666666666666667
0.54548802946593
0.4677777777777778
0.5443830570902394
0.4688888888888889
0.5432780847145489
0.47000000000000003
0.5421731123388582
0.47074074074074074
0.5414364640883977
0.47185185185185186
0.5403314917127071
0.472962962962963
0.5392265193370166
0.47370370370370374
0.5384898710865562
0.4748148148148148
0.5373848987108656
0.4759259259259259
0.536279926335175
0.4766666666666667
0.5355432780847146
0.4777777777777778
0.5340699815837937
0.4788888888888889
0.5329650092081031
0.48
0.5318600368324125
0.48074074074074075
0.5311233885819521
0.48185185185185186
0.5296500920810313
0.482962962962963
0.5285451197053407
0.4837037037037037
0.5278084714548803
0.4848148148148148
0.5263351749539595
0.48592592592592593
0.5252302025782689
0.4866666666666667
0.5241252302025783
0.48777777777777775
0.5230202578268877
0.48888888888888893
0.5215469613259669
0.49
0.5204419889502763
0.49074074074074076
0.5193370165745856
0.4918518518518519
0.518232044198895
0.492962962962963
0.5167587476979743
0.4937037037037037
0.5160220994475138
0.4948148148148148
0.514548802946593
0.49592592592592594
0.512707182320442
0.4966666666666667
0.5116022099447514
0.49777777777777776
0.5097605893186004
0.4988888888888889
0.5079189686924493
0.5
0.5064456721915286
0.5007407407407407
0.5049723756906077
0.5018518518518519
0.503499079189687
0.502962962962963
0.5016574585635359
0.5037037037037038
0.5005524861878453
0.5048148148148148
0.4987108655616943
0.5059259259259259
0.4968692449355433
0.5066666666666667
0.49576427255985267
0.5077777777777778
0.49392265193370166
0.5088888888888888
0.49171270718232046
0.51
0.48987108655616945
0.5107407407407407
0.48876611418047883
0.5118518518518519
0.48655616942909763
0.512962962962963
0.4847145488029466
0.5137037037037037
0.48324125230202575
0.5148148148148148
0.48139963167587474
0.5159259259259259
0.47918968692449354
0.5166666666666666
0.4777163904235727
0.5177777777777778
0.4755064456721915
0.5188888888888888
0.4732965009208103
0.52
0.47108655616942907
0.5207407407407407
0.4696132596685083
0.5218518518518518
0.46703499079189686
0.522962962962963
0.46482504604051567
0.5237037037037037
0.46298342541436466
0.5248148148148148
0.4604051565377532
0.5259259259259259
0.4578268876611418
0.5266666666666666
0.456353591160221
0.5277777777777778
0.45340699815837937
0.5288888888888889
0.450828729281768
0.53
0.44788213627992635
0.5307407407407407
0.44604051565377534
0.5318518518518518
0.4434622467771639
0.532962962962963
0.4405156537753223
0.5337037037037037
0.4386740331491713
0.5348148148148149
0.43572744014732967
0.5359259259259259
0.43278084714548803
0.5366666666666666
0.43057090239410684
0.5377777777777778
0.4276243093922652
0.5388888888888889
0.42467771639042357
0.54
0.42136279926335174
0.5407407407407407
0.41915285451197054
0.5418518518518518
0.4158379373848987
0.542962962962963
0.4125230202578269
0.5437037037037037
0.4103130755064457
0.5448148148148149
0.40699815837937386
0.5459259259259259
0.40331491712707185
0.5466666666666666
0.4007366482504604
0.5477777777777778
0.3966850828729282
