0.5094915254237288
24.826388888888886
0.5189830508474577
24.583333333333332
0.5298305084745762
24.305555555555557
0.5393220338983051
24.0625
0.5488135593220339
23.819444444444443
0.5596610169491525
23.57638888888889
0.5691525423728814
23.333333333333332
0.58
23.09027777777778
0.5894915254237288
22.881944444444443
0.5989830508474576
22.67361111111111
0.6098305084745763
22.46527777777778
0.6193220338983051
22.256944444444443
0.6288135593220339
22.04861111111111
0.6396610169491526
21.84027777777778
0.6491525423728813
21.666666666666664
0.66
21.458333333333332
0.6694915254237288
21.28472222222222
0.6789830508474576
21.11111111111111
0.6898305084745763
20.90277777777778
0.699322033898305
20.729166666666664
0.7088135593220339
20.555555555555557
0.7196610169491525
20.381944444444443
0.7291525423728813
20.208333333333332
0.74
20.0
0.7494915254237289
19.826388888888886
0.7589830508474575
19.6875
0.7698305084745762
19.479166666666664
0.7793220338983051
19.305555555555557
0.7888135593220339
19.166666666666664
0.7996610169491525
18.993055555555557
0.8091525423728814
18.819444444444443
0.8200000000000001
18.645833333333336
0.8294915254237287
18.47222222222222
0.8389830508474576
18.333333333333336
0.8498305084745763
18.15972222222222
0.8593220338983051
17.98611111111111
0.8688135593220339
17.84722222222222
0.8796610169491526
17.67361111111111
0.8891525423728814
17.5
0.9
17.36111111111111
0.9094915254237288
17.1875
0.9189830508474577
17.04861111111111
0.9298305084745763
16.875
0.939322033898305
16.73611111111111
0.9488135593220339
16.59722222222222
0.9596610169491525
16.42361111111111
0.9691525423728814
16.28472222222222
0.98
16.145833333333332
0.9894915254237289
15.972222222222221
