0.5094915254237288
28.61111111111111
0.5189830508474577
28.680555555555554
0.5298305084745762
28.749999999999996
0.5393220338983051
28.78472222222222
0.5488135593220339
28.854166666666668
0.5596610169491525
28.92361111111111
0.5691525423728814
28.993055555555554
0.58
29.027777777777775
0.5894915254237288
29.09722222222222
0.5989830508474576
29.131944444444443
0.6098305084745763
29.201388888888886
0.6193220338983051
29.23611111111111
0.6288135593220339
29.270833333333332
0.6396610169491526
29.305555555555557
0.6491525423728813
29.340277777777775
0.66
29.375
0.6694915254237288
29.40972222222222
0.6789830508474576
29.444444444444443
0.6898305084745763
29.479166666666668
0.699322033898305
29.513888888888886
0.7088135593220339
29.513888888888886
0.7196610169491525
29.54861111111111
0.7291525423728813
29.583333333333332
0.74
29.583333333333332
0.7494915254237289
29.618055555555557
0.7589830508474575
29.652777777777775
0.7698305084745762
29.652777777777775
0.7793220338983051
29.6875
0.7888135593220339
29.72222222222222
0.7996610169491525
29.72222222222222
0.8091525423728814
29.756944444444443
0.8200000000000001
29.791666666666668
0.8294915254237287
29.791666666666668
0.8389830508474576
29.826388888888886
0.8498305084745763
29.826388888888886
0.8593220338983051
29.86111111111111
0.8688135593220339
29.86111111111111
0.8796610169491526
29.86111111111111
0.8891525423728814
29.86111111111111
0.9
29.895833333333332
0.9094915254237288
29.895833333333332
0.9189830508474577
29.895833333333332
0.9298305084745763
29.895833333333332
0.939322033898305
29.895833333333332
0.9488135593220339
29.895833333333332
0.9596610169491525
29.895833333333332
0.9691525423728814
29.895833333333332
0.98
29.895833333333332
0.9894915254237289
29.895833333333332
