0.31888888888888894
0.6232044198895027
0.32000000000000006
0.6232044198895027
0.32074074074074077
0.6228360957642726
0.3218518518518519
0.6224677716390423
0.322962962962963
0.6224677716390423
0.3237037037037037
0.6220994475138122
0.3248148148148149
0.6217311233885819
0.32592592592592595
0.6217311233885819
0.3266666666666667
0.6213627992633517
0.32777777777777783
0.6209944751381216
0.3288888888888889
0.6209944751381216
0.33
0.6206261510128913
0.3307407407407408
0.6202578268876611
0.3318518518518519
0.6198895027624309
0.332962962962963
0.6198895027624309
0.3337037037037037
0.6195211786372007
0.33481481481481484
0.6191528545119706
0.33592592592592596
0.6191528545119706
0.33666666666666667
0.6187845303867403
0.33777777777777784
0.6184162062615102
0.3388888888888889
0.6180478821362799
0.34
0.6180478821362799
0.3407407407407408
0.6176795580110497
0.3418518518518519
0.6173112338858195
0.342962962962963
0.6169429097605893
0.34370370370370373
0.6169429097605893
0.34481481481481485
0.616574585635359
0.34592592592592597
0.6162062615101289
0.3466666666666667
0.6158379373848987
0.3477777777777778
0.6158379373848987
0.3488888888888889
0.6154696132596685
0.35000000000000003
0.6151012891344383
0.3507407407407408
0.6147329650092082
0.35185185185185186
0.6143646408839779
0.352962962962963
0.6139963167587477
0.35370370370370374
0.6139963167587477
0.35481481481481486
0.6136279926335175
0.355925925925926
0.6132596685082873
0.3566666666666667
0.612891344383057
0.3577777777777778
0.6125230202578269
0.3588888888888889
0.6121546961325967
0.36000000000000004
0.6117863720073665
0.36074074074074075
0.6117863720073665
0.36185185185185187
0.6114180478821363
0.362962962962963
0.611049723756906
0.36370370370370375
0.6106813996316758
0.36481481481481487
0.6103130755064456
0.36592592592592593
0.6099447513812155
0.3666666666666667
0.6099447513812155
0.3677777777777778
0.6095764272559853
0.36888888888888893
0.609208103130755
0.37000000000000005
0.6088397790055249
0.37074074074074076
0.6084714548802946
0.3718518518518519
0.6081031307550644
0.372962962962963
0.6077348066298343
0.37370370370370376
0.607366482504604
0.3748148148148148
0.6069981583793738
0.37592592592592594
0.6066298342541436
0.3766666666666667
0.6062615101289135
0.3777777777777778
0.6058931860036832
0.37888888888888894
0.605524861878453
0.38
0.6051565377532229
0.38074074074074077
0.6047882136279926
0.3818518518518519
0.6044198895027624
0.382962962962963
0.6040515653775322
0.3837037037037037
0.603683241252302
0.38481481481481483
0.6033149171270717
0.38592592592592595
0.6029465930018416
0.3866666666666667
0.6025782688766115
0.3877777777777778
0.6022099447513812
0.3888888888888889
0.601841620626151
0.39
0.6014732965009207
0.3907407407407408
0.6011049723756906
0.3918518518518519
0.6007366482504604
0.392962962962963
0.6003683241252302
0.3937037037037037
0.6
0.39481481481481484
0.5996316758747697
0.39592592592592596
0.5988950276243094
0.39666666666666667
0.5985267034990791
0.3977777777777778
0.598158379373849
0.3988888888888889
0.5977900552486187
0.4
0.5974217311233886
0.4007407407407408
0.5970534069981583
0.40185185185185185
0.596316758747698
0.40296296296296297
0.5959484346224677
0.40370370370370373
0.5955801104972376
0.40481481481481485
0.5952117863720073
0.40592592592592597
0.5948434622467771
0.4066666666666667
0.594475138121547
0.4077777777777778
0.5937384898710866
0.4088888888888889
0.5933701657458563
0.41000000000000003
0.592633517495396
0.41074074074074074
0.5922651933701657
0.41185185185185186
0.5918968692449356
0.412962962962963
0.5911602209944751
0.41370370370370374
0.5907918968692449
0.41481481481481486
0.5904235727440147
0.4159259259259259
0.5896869244935543
0.4166666666666667
0.5893186003683241
0.4177777777777778
0.5889502762430939
0.4188888888888889
0.5882136279926335
0.42000000000000004
0.5878453038674033
0.42074074074074075
0.587476979742173
0.42185185185185187
0.5867403314917127
0.422962962962963
0.5860036832412523
0.4237037037037037
0.585635359116022
0.4248148148148148
0.5852670349907919
0.42592592592592593
0.5845303867403315
0.4266666666666667
0.5841620626151013
0.4277777777777778
0.5834254143646409
0.42888888888888893
0.5830570902394107
0.43
0.5823204419889503
0.43074074074074076
0.58195211786372
0.4318518518518519
0.5812154696132596
0.432962962962963
0.5808471454880295
0.4337037037037037
0.580110497237569
0.4348148148148148
0.5797421731123389
0.43592592592592594
0.5790055248618784
0.4366666666666667
0.578268876611418
0.4377777777777778
0.5779005524861879
0.4388888888888889
0.5771639042357274
0.44
0.576427255985267
0.44074074074074077
0.5760589318600369
0.4418518518518519
0.5753222836095764
0.442962962962963
0.574585635359116
0.4437037037037037
0.5742173112338858
0.44481481481481483
0.5734806629834254
0.44592592592592595
0.572744014732965
0.44666666666666666
0.5723756906077349
0.4477777777777778
0.5716390423572744
0.4488888888888889
0.570902394106814
0.45
0.5701657458563536
0.4507407407407408
0.5697974217311234
0.45185185185185184
0.569060773480663
0.45296296296296296
0.5683241252302026
0.4537037037037037
0.5679558011049723
0.45481481481481484
0.567219152854512
0.45592592592592596
0.5664825046040516
0.45666666666666667
0.5657458563535912
0.4577777777777778
0.5650092081031307
0.4588888888888889
0.5642725598526703
0.46
0.56353591160221
0.46074074074074073
0.5631675874769797
0.46185185185185185
0.5624309392265193
0.46296296296296297
0.5616942909760589
0.46370370370370373
0.5613259668508287
0.4648148148148148
0.5605893186003683
0.46592592592592597
0.5598526703499079
0.4666666666666667
0.5591160220994476
0.4677777777777778
0.5583793738489871
0.4688888888888889
0.5576427255985267
0.47000000000000003
0.5569060773480663
0.47074074074074074
0.556537753222836
0.47185185185185186
0.5554327808471455
0.472962962962963
0.554696132596685
0.47370370370370374
0.5543278084714549
0.4748148148148148
0.5535911602209944
0.4759259259259259
0.552854511970534
0.4766666666666667
0.5521178637200737
0.4777777777777778
0.5513812154696133
0.4788888888888889
0.5502762430939226
0.48
0.5495395948434623
0.48074074074074075
0.5488029465930019
0.48185185185185186
0.5480662983425414
0.482962962962963
0.547329650092081
0.4837037037037037
0.5465930018416206
0.4848148148148148
0.5458563535911602
0.48592592592592593
0.5447513812154696
0.4866666666666667
0.5443830570902394
0.48777777777777775
0.5432780847145489
0.48888888888888893
0.5425414364640884
0.49
0.5414364640883977
0.49074074074074076
0.5410681399631676
0.4918518518518519
0.539963167587477
0.492962962962963
0.5388581952117864
0.4937037037037037
0.5384898710865562
0.4948148148148148
0.5373848987108656
0.49592592592592594
0.536279926335175
0.4966666666666667
0.5355432780847146
0.49777777777777776
0.5348066298342542
0.4988888888888889
0.5337016574585636
0.5
0.532596685082873
0.5007407407407407
0.5318600368324125
0.5018518518518519
0.5307550644567219
0.502962962962963
0.5296500920810313
0.5037037037037038
0.5289134438305709
0.5048148148148148
0.5281767955801104
0.5059259259259259
0.5267034990791897
0.5066666666666667
0.5259668508287293
0.5077777777777778
0.5248618784530387
0.5088888888888888
0.523756906077348
0.51
0.5226519337016574
0.5107407407407407
0.521915285451197
0.5118518518518519
0.5208103130755064
0.512962962962963
0.5193370165745856
0.5137037037037037
0.5186003683241253
0.5148148148148148
0.5174953959484346
0.5159259259259259
0.5160220994475138
0.5166666666666666
0.5152854511970534
0.5177777777777778
0.5141804788213629
0.5188888888888888
0.512707182320442
0.52
0.5112338858195211
0.5207407407407407
0.5104972375690607
0.5218518518518518
0.50902394106814
0.522962962962963
0.5075506445672191
0.5237037037037037
0.5068139963167587
0.5248148148148148
0.505340699815838
0.5259259259259259
0.5038674033149171
0.5266666666666666
0.5031307550644567
0.5277777777777778
0.5016574585635359
0.5288888888888889
0.5001841620626151
0.53
0.4987108655616943
0.5307407407407407
0.4976058931860037
0.5318518518518518
0.49613259668508286
0.532962962962963
0.49465930018416204
0.5337037037037037
0.49355432780847147
0.5348148148148149
0.49208103130755065
0.5359259259259259
0.49060773480662984
0.5366666666666666
0.48950276243093926
0.5377777777777778
0.4880294659300184
0.5388888888888889
0.48655616942909763
0.54
0.4847145488029466
0.5407407407407407
0.4839779005524862
0.5418518518518518
0.4821362799263352
0.542962962962963
0.48066298342541436
0.5437037037037037
0.47955801104972373
0.5448148148148149
0.4777163904235727
0.5459259259259259
0.4758747697974217
0.5466666666666666
0.47476979742173114
0.5477777777777778
0.47292817679558014
0.5488888888888889
0.47108655616942907
0.55
0.4696132596685083
0.5507407407407408
0.4685082872928177
0.5518518518518518
0.4666666666666667
0.552962962962963
0.46482504604051567
0.5537037037037037
0.46372007366482504
0.5548148148148149
0.46187845303867403
0.5559259259259259
0.460036832412523
0.5566666666666666
0.45893186003683245
0.5577777777777777
0.4570902394106814
0.5588888888888889
0.4556169429097606
0.56
0.4537753222836096
0.5607407407407408
0.452670349907919
0.5618518518518518
0.450828729281768
0.562962962962963
0.448987108655617
0.5637037037037037
0.44788213627992635
0.5648148148148148
0.44604051565377534
0.5659259259259259
0.4445672191528545
0.5666666666666667
0.4430939226519337
0.5677777777777777
0.4416206261510129
0.5688888888888889
0.4397790055248619
0.5700000000000001
0.43793738489871087
0.5707407407407408
0.43646408839779005
0.5718518518518518
0.4349907918968693
0.5729629629629629
0.43278084714548803
0.5737037037037037
0.43167587476979746
0.5748148148148148
0.4298342541436464
0.575925925925926
0.4279926335174954
0.5766666666666667
0.42651933701657463
0.5777777777777777
0.4243093922651934
0.5788888888888889
0.42246777163904237
0.58
0.42025782688766117
0.5807407407407408
0.41878453038674035
0.5818518518518518
0.41657458563535915
0.5829629629629629
0.4143646408839779
0.5837037037037037
0.41289134438305714
0.5848148148148148
0.4106813996316759
0.585925925925926
0.4084714548802947
0.5866666666666667
0.40699815837937386
0.5877777777777777
0.40478821362799267
0.5888888888888889
0.4022099447513812
0.59
0.4
0.5907407407407408
0.3985267034990792
