0.5094915254237288
24.270833333333332
0.5189830508474577
24.270833333333332
0.5298305084745762
24.305555555555557
0.5393220338983051
24.34027777777778
0.5488135593220339
24.34027777777778
0.5596610169491525
24.375
0.5691525423728814
24.40972222222222
0.58
24.444444444444443
0.5894915254237288
24.444444444444443
0.5989830508474576
24.479166666666664
0.6098305084745763
24.479166666666664
0.6193220338983051
24.51388888888889
0.6288135593220339
24.51388888888889
0.6396610169491526
24.548611111111107
0.6491525423728813
24.548611111111107
0.66
24.583333333333332
0.6694915254237288
24.583333333333332
0.6789830508474576
24.583333333333332
0.6898305084745763
24.618055555555557
0.699322033898305
24.618055555555557
0.7088135593220339
24.618055555555557
0.7196610169491525
24.65277777777778
0.7291525423728813
24.65277777777778
0.74
24.65277777777778
0.7494915254237289
24.65277777777778
0.7589830508474575
24.65277777777778
0.7698305084745762
24.6875
0.7793220338983051
24.6875
0.7888135593220339
24.6875
0.7996610169491525
24.6875
0.8091525423728814
24.72222222222222
0.8200000000000001
24.72222222222222
0.8294915254237287
24.72222222222222
0.8389830508474576
24.72222222222222
0.8498305084745763
24.72222222222222
0.8593220338983051
24.72222222222222
0.8688135593220339
24.72222222222222
0.8796610169491526
24.72222222222222
0.8891525423728814
24.756944444444443
0.9
24.756944444444443
0.9094915254237288
24.756944444444443
0.9189830508474577
24.756944444444443
0.9298305084745763
24.756944444444443
0.939322033898305
24.756944444444443
0.9488135593220339
24.756944444444443
0.9596610169491525
24.756944444444443
0.9691525423728814
24.756944444444443
0.98
24.756944444444443
0.9894915254237289
24.756944444444443
