0.5094915254237288
11.979166666666666
0.5189830508474577
11.979166666666666
0.5298305084745762
11.979166666666666
0.5393220338983051
11.979166666666666
0.5488135593220339
11.979166666666666
0.5596610169491525
11.979166666666666
0.5691525423728814
11.979166666666666
0.58
11.979166666666666
0.5894915254237288
11.979166666666666
0.5989830508474576
11.979166666666666
0.6098305084745763
11.979166666666666
0.6193220338983051
11.979166666666666
0.6288135593220339
11.979166666666666
0.6396610169491526
11.979166666666666
0.6491525423728813
11.979166666666666
0.66
11.979166666666666
0.6694915254237288
11.979166666666666
0.6789830508474576
11.979166666666666
0.6898305084745763
11.979166666666666
0.699322033898305
11.979166666666666
0.7088135593220339
11.979166666666666
0.7196610169491525
11.979166666666666
0.7291525423728813
11.979166666666666
0.74
12.01388888888889
0.7494915254237289
12.01388888888889
0.7589830508474575
12.01388888888889
0.7698305084745762
12.01388888888889
0.7793220338983051
12.01388888888889
0.7888135593220339
12.01388888888889
0.7996610169491525
12.01388888888889
0.8091525423728814
12.01388888888889
0.8200000000000001
12.01388888888889
0.8294915254237287
12.01388888888889
0.8389830508474576
12.01388888888889
0.8498305084745763
12.01388888888889
0.8593220338983051
12.01388888888889
0.8688135593220339
12.01388888888889
0.8796610169491526
12.01388888888889
0.8891525423728814
12.01388888888889
0.9
12.01388888888889
0.9094915254237288
12.01388888888889
0.9189830508474577
12.01388888888889
0.9298305084745763
12.01388888888889
0.939322033898305
12.01388888888889
0.9488135593220339
12.01388888888889
0.9596610169491525
12.01388888888889
0.9691525423728814
12.01388888888889
0.98
12.01388888888889
0.9894915254237289
12.01388888888889
