0.5094915254237288
9.027777777777779
0.5189830508474577
8.92361111111111
0.5298305084745762
8.819444444444445
0.5393220338983051
8.715277777777779
0.5488135593220339
8.645833333333334
0.5596610169491525
8.541666666666666
0.5691525423728814
8.4375
0.58
8.368055555555555
0.5894915254237288
8.29861111111111
0.5989830508474576
8.194444444444445
0.6098305084745763
8.125
0.6193220338983051
8.055555555555555
0.6288135593220339
7.986111111111111
0.6396610169491526
7.916666666666666
0.6491525423728813
7.847222222222222
0.66
7.777777777777779
0.6694915254237288
7.708333333333334
0.6789830508474576
7.673611111111111
0.6898305084745763
7.604166666666666
0.699322033898305
7.534722222222222
0.7088135593220339
7.465277777777779
0.7196610169491525
7.395833333333334
0.7291525423728813
7.361111111111111
0.74
7.291666666666667
0.7494915254237289
7.222222222222222
0.7589830508474575
7.1875
0.7698305084745762
7.118055555555555
0.7793220338983051
7.083333333333334
0.7888135593220339
7.013888888888889
0.7996610169491525
6.944444444444445
0.8091525423728814
6.909722222222222
0.8200000000000001
6.840277777777779
0.8294915254237287
6.805555555555555
0.8389830508474576
6.736111111111111
0.8498305084745763
6.701388888888889
0.8593220338983051
6.631944444444445
0.8688135593220339
6.597222222222223
0.8796610169491526
6.5625
0.8891525423728814
6.493055555555555
0.9
6.458333333333334
0.9094915254237288
6.388888888888889
0.9189830508474577
6.354166666666667
0.9298305084745763
6.319444444444445
0.939322033898305
6.284722222222223
0.9488135593220339
6.215277777777779
0.9596610169491525
6.180555555555555
0.9691525423728814
6.145833333333334
0.98
6.111111111111111
0.9894915254237289
6.041666666666667
