0.5094915254237288
14.82638888888889
0.5189830508474577
14.82638888888889
0.5298305084745762
14.86111111111111
0.5393220338983051
14.86111111111111
0.5488135593220339
14.895833333333332
0.5596610169491525
14.895833333333332
0.5691525423728814
14.930555555555555
0.58
14.965277777777779
0.5894915254237288
14.965277777777779
0.5989830508474576
15.0
0.6098305084745763
15.0
0.6193220338983051
15.034722222222221
0.6288135593220339
15.034722222222221
0.6396610169491526
15.069444444444443
0.6491525423728813
15.069444444444443
0.66
15.104166666666666
0.6694915254237288
15.104166666666666
0.6789830508474576
15.13888888888889
0.6898305084745763
15.13888888888889
0.699322033898305
15.17361111111111
0.7088135593220339
15.17361111111111
0.7196610169491525
15.208333333333332
0.7291525423728813
15.208333333333332
0.74
15.208333333333332
0.7494915254237289
15.243055555555555
0.7589830508474575
15.243055555555555
0.7698305084745762
15.243055555555555
0.7793220338983051
15.277777777777779
0.7888135593220339
15.277777777777779
0.7996610169491525
15.277777777777779
0.8091525423728814
15.277777777777779
0.8200000000000001
15.3125
0.8294915254237287
15.3125
0.8389830508474576
15.3125
0.8498305084745763
15.3125
0.8593220338983051
15.3125
0.8688135593220339
15.3125
0.8796610169491526
15.3125
0.8891525423728814
15.3125
0.9
15.3125
0.9094915254237288
15.3125
0.9189830508474577
15.3125
0.9298305084745763
15.3125
0.939322033898305
15.3125
0.9488135593220339
15.3125
0.9596610169491525
15.3125
0.9691525423728814
15.3125
0.98
15.3125
0.9894915254237289
15.3125
