0.3301010101010101
0.8548
0.33090909090909093
0.8552
0.33171717171717174
0.856
0.33292929292929296
0.8568
0.3337373737373738
0.8572
0.334949494949495
0.858
0.3357575757575758
0.8588
0.33696969696969703
0.8596
0.33777777777777784
0.8604
0.338989898989899
0.8612
0.3397979797979798
0.8616
0.34101010101010104
0.8624
0.34181818181818185
0.8632
0.3430303030303031
0.864
0.3438383838383839
0.8644000000000001
0.34505050505050505
0.8652
0.34585858585858587
0.866
0.3470707070707071
0.8668
0.3478787878787879
0.8672
0.3490909090909091
0.868
0.34989898989898993
0.8688
0.35070707070707074
0.8692
0.35191919191919196
0.87
0.3527272727272728
0.8704000000000001
0.353939393939394
0.8712
0.35474747474747476
0.872
0.355959595959596
0.8728
0.3567676767676768
0.8732
0.357979797979798
0.874
0.3587878787878788
0.8744000000000001
0.36000000000000004
0.8752
0.36080808080808086
0.8756
0.362020202020202
0.8764000000000001
0.36282828282828283
0.8768
0.36404040404040405
0.8776
0.36484848484848487
0.878
0.3660606060606061
0.8788
0.3668686868686869
0.8792
0.3680808080808081
0.88
0.36888888888888893
0.8804000000000001
0.37010101010101015
0.8812
0.3709090909090909
0.8815999999999999
0.3717171717171717
0.882
0.37292929292929294
0.8828
0.37373737373737376
0.8832
0.374949494949495
0.884
0.3757575757575758
0.8844000000000001
0.376969696969697
0.8852
0.3777777777777778
0.8856
0.378989898989899
0.886
0.3797979797979798
0.8864
0.381010101010101
0.8872
0.38181818181818183
0.8876
0.38303030303030305
0.888
0.38383838383838387
0.8884000000000001
0.3850505050505051
0.8892
0.3858585858585859
0.8892
0.3870707070707071
0.89
0.3878787878787879
0.8904000000000001
0.3890909090909091
0.8908
0.3898989898989899
0.8912
0.3907070707070707
0.8916
0.39191919191919194
0.892
0.39272727272727276
0.8924000000000001
0.393939393939394
0.8928
0.3947474747474748
0.8932
0.39595959595959596
0.8936000000000001
0.39676767676767677
0.894
0.397979797979798
0.8944
0.3987878787878788
0.8948
0.4
0.8952
0.40080808080808084
0.8956
0.40202020202020206
0.896
0.40282828282828287
0.896
0.4040404040404041
0.8968
0.40484848484848485
0.8968
0.40606060606060607
0.8972
0.4068686868686869
0.8976
0.4080808080808081
0.898
0.4088888888888889
0.8984000000000001
0.41010101010101013
0.8988
0.41090909090909095
0.8988
0.41171717171717176
0.8992
0.4129292929292929
0.8996
0.41373737373737374
0.8996
0.41494949494949496
0.9
0.41575757575757577
0.9004000000000001
0.416969696969697
0.9004000000000001
0.4177777777777778
0.9008
0.418989898989899
0.9012
0.41979797979797984
0.9012
0.42101010101010106
0.9016000000000001
0.4218181818181818
0.9016000000000001
0.42303030303030303
0.9016000000000001
0.42383838383838385
0.902
0.42505050505050507
0.902
0.4258585858585859
0.9024
0.4270707070707071
0.9024
0.4278787878787879
0.9024
0.42909090909090913
0.9024
0.4298989898989899
0.9028
0.4307070707070707
0.9028
0.4319191919191919
0.9028
0.43272727272727274
0.9028
0.43393939393939396
0.9028
0.43474747474747477
0.9032
0.435959595959596
0.9032
0.4367676767676768
0.9032
0.437979797979798
0.9032
0.4387878787878788
0.9032
0.44
0.9032
0.4408080808080808
0.9032
0.44202020202020204
0.9032
0.44282828282828285
0.9032
0.44404040404040407
0.9032
0.4448484848484849
0.9028
0.44606060606060605
0.9028
0.44686868686868686
0.9028
0.4480808080808081
0.9024
0.4488888888888889
0.9024
0.4501010101010101
0.9024
0.4509090909090909
0.9024
0.45171717171717174
0.902
0.45292929292929296
0.902
0.4537373737373738
0.902
0.454949494949495
0.9016000000000001
0.45575757575757575
0.9016000000000001
0.45696969696969697
0.9016000000000001
0.4577777777777778
0.9012
0.458989898989899
0.9012
0.4597979797979798
0.9008
0.46101010101010104
0.9008
0.46181818181818185
0.9004000000000001
0.463030303030303
0.9004000000000001
0.4638383838383838
0.9004000000000001
0.46505050505050505
0.9
0.46585858585858586
0.9
0.4670707070707071
0.8996
0.4678787878787879
0.8992
0.4690909090909091
0.8992
0.4698989898989899
0.8988
0.47070707070707074
0.8988
0.47191919191919196
0.8984000000000001
0.4727272727272727
0.898
0.47393939393939394
0.8976
0.47474747474747475
0.8976
0.47595959595959597
0.8972
0.4767676767676768
0.8968
0.477979797979798
0.8964
0.47878787878787876
0.896
0.48
0.8956
0.4808080808080808
0.8952
0.482020202020202
0.8948
0.48282828282828283
0.8944
0.48404040404040405
0.894
0.48484848484848486
0.8936000000000001
0.4860606060606061
0.8932
0.4868686868686869
0.8928
0.4880808080808081
0.892
0.48888888888888893
0.8916
0.4901010101010101
0.8912
0.4909090909090909
0.8908
0.4917171717171717
0.8904000000000001
0.49292929292929294
0.8896
0.49373737373737375
0.8892
0.494949494949495
0.8884000000000001
0.49575757575757573
0.888
0.49696969696969695
0.8872
0.49777777777777776
0.8864
0.498989898989899
0.8856
0.4997979797979798
0.8852
0.501010101010101
0.8844000000000001
0.5018181818181818
0.8836
0.503030303030303
0.8828
0.5038383838383839
0.8824000000000001
0.5050505050505051
0.8815999999999999
0.5058585858585859
0.8808
0.5070707070707071
0.88
0.5078787878787879
0.8792
0.509090909090909
0.878
0.5098989898989899
0.8776
0.5107070707070707
0.8768
0.5119191919191919
0.8756
0.5127272727272727
0.8748
0.5139393939393939
0.8736
0.5147474747474747
0.8728
0.515959595959596
0.8715999999999999
0.5167676767676768
0.8708
0.517979797979798
0.8696
0.5187878787878788
0.8684000000000001
0.52
0.8672
0.5208080808080808
0.866
0.522020202020202
0.8648
0.5228282828282829
0.8635999999999999
0.5240404040404041
0.862
0.5248484848484849
0.8612
0.5260606060606061
0.8596
0.5268686868686869
0.8584
0.528080808080808
0.8568
0.5288888888888889
0.8556
0.5301010101010101
0.854
0.5309090909090909
0.8528
0.5317171717171717
0.8516
0.5329292929292929
0.8496
0.5337373737373737
0.8484
0.534949494949495
0.8468
0.5357575757575758
0.8456
0.536969696969697
0.8436
0.5377777777777778
0.8424
0.538989898989899
0.8404
0.5397979797979797
0.8392
0.5410101010101009
0.8371999999999999
0.5418181818181818
0.8356
0.543030303030303
0.8336
0.5438383838383838
0.8324
0.545050505050505
0.83
0.5458585858585858
0.8284
0.547070707070707
0.8264
0.5478787878787879
0.8248
0.5490909090909091
0.8224
0.5498989898989899
0.8204
0.5507070707070707
0.8188
0.5519191919191919
0.816
0.5527272727272727
0.8140000000000001
0.553939393939394
0.8112
0.5547474747474748
0.8088
0.555959595959596
0.8056
0.5567676767676768
0.8032
0.557979797979798
0.7996
0.5587878787878788
0.798
0.56
0.794
0.5608080808080809
0.7916
0.5620202020202021
0.7876
0.5628282828282828
0.7852
0.564040404040404
0.7812
0.5648484848484848
0.7784
0.566060606060606
0.7744
0.5668686868686869
0.772
0.5680808080808081
0.768
0.5688888888888889
0.7652
0.5701010101010101
0.7607999999999999
0.5709090909090909
0.758
0.5717171717171717
0.7547999999999999
0.572929292929293
0.7504
0.5737373737373738
0.7475999999999999
0.5749494949494949
0.7424
0.5757575757575757
0.7392
0.5769696969696969
0.734
0.5777777777777777
0.7303999999999999
0.5789898989898989
0.7248
0.5797979797979798
0.7208
0.581010101010101
0.7148
0.5818181818181818
0.7103999999999999
0.583030303030303
0.704
0.5838383838383838
0.6996
0.585050505050505
0.6936
0.5858585858585859
0.69
0.5870707070707071
0.6839999999999999
0.5878787878787879
0.6796
0.5890909090909091
0.6719999999999999
0.5898989898989899
0.6671999999999999
