0.6
12.144508670520231
0.6097902097902098
12.057803468208093
0.6195804195804195
11.953757225433526
0.6293706293706294
11.849710982658959
0.6398601398601398
11.745664739884393
0.6496503496503496
11.641618497109826
0.6594405594405595
11.554913294797688
0.6699300699300699
11.433526011560694
0.6797202797202797
11.346820809248555
0.6895104895104895
11.242774566473988
0.6993006993006993
11.138728323699421
0.7097902097902098
11.034682080924856
0.7195804195804196
10.93063583815029
0.7293706293706294
10.84393063583815
0.7398601398601399
10.739884393063583
0.7496503496503497
10.635838150289018
0.7594405594405594
10.531791907514451
0.76993006993007
10.427745664739884
0.7797202797202798
10.323699421965319
0.7895104895104895
10.23699421965318
0.7993006993006994
10.132947976878613
0.8097902097902099
10.028901734104046
0.8195804195804196
9.92485549132948
0.8293706293706293
9.820809248554914
0.8398601398601399
9.716763005780347
0.8496503496503497
9.630057803468208
0.8594405594405594
9.526011560693641
0.8699300699300699
9.421965317919074
0.8797202797202798
9.31791907514451
0.8895104895104895
9.213872832369942
0.8993006993006993
9.109826589595375
0.9097902097902097
9.00578034682081
0.9195804195804196
8.901734104046243
0.9293706293706294
8.797687861271676
0.9398601398601399
8.69364161849711
0.9496503496503497
8.589595375722544
0.9594405594405595
8.485549132947977
0.9699300699300699
8.38150289017341
0.9797202797202798
8.277456647398845
0.9895104895104896
8.173410404624278
