0.6
28.93058568329718
0.6095823095823095
28.82646420824295
0.6199017199017198
28.722342733188718
0.6294840294840295
28.61822125813449
0.6398034398034398
28.514099783080262
0.6493857493857493
28.392624728850326
0.6597051597051596
28.253796095444685
0.6692874692874693
28.114967462039047
0.6796068796068796
27.9587852494577
0.6899262899262899
27.78524945770065
0.6995085995085994
27.629067245119305
0.7098280098280099
27.43817787418655
0.7194103194103194
27.2646420824295
0.7297297297297297
27.073752711496745
0.7393120393120393
26.882863340563993
0.7496314496314496
26.67462039045553
0.75995085995086
26.46637744034707
0.7695331695331695
26.275488069414315
0.7798525798525798
26.067245119305856
0.7894348894348895
25.8763557483731
0.7997542997542997
25.668112798264644
0.8093366093366093
25.45986984815618
0.8196560196560196
25.25162689804772
0.82997542997543
25.026030368763557
0.8395577395577396
24.817787418655097
0.8498771498771498
24.592190889370933
0.8594594594594595
24.401301518438178
0.8697788697788698
24.15835140997831
0.8793611793611793
23.932754880694144
0.8896805896805897
23.672451193058567
0.8999999999999999
23.429501084598698
0.9095823095823096
23.203904555314534
0.9199017199017199
22.94360086767896
0.9294840294840294
22.718004338394795
0.9398034398034398
22.475054229934923
0.9493857493857494
22.24945770065076
0.9597051597051597
21.989154013015185
0.9692874692874693
21.76355748373102
0.9796068796068796
21.52060737527115
0.98992628992629
21.260303687635574
0.9995085995085995
21.03470715835141
