0.6
11.15606936416185
0.6097902097902098
11.15606936416185
0.6195804195804195
11.15606936416185
0.6293706293706294
11.173410404624278
0.6398601398601398
11.173410404624278
0.6496503496503496
11.173410404624278
0.6594405594405595
11.173410404624278
0.6699300699300699
11.190751445086706
0.6797202797202797
11.190751445086706
0.6895104895104895
11.190751445086706
0.6993006993006993
11.190751445086706
0.7097902097902098
11.190751445086706
0.7195804195804196
11.190751445086706
0.7293706293706294
11.208092485549134
0.7398601398601399
11.208092485549134
0.7496503496503497
11.208092485549134
0.7594405594405594
11.208092485549134
0.76993006993007
11.208092485549134
0.7797202797202798
11.208092485549134
0.7895104895104895
11.208092485549134
0.7993006993006994
11.208092485549134
0.8097902097902099
11.208092485549134
0.8195804195804196
11.208092485549134
0.8293706293706293
11.208092485549134
0.8398601398601399
11.208092485549134
0.8496503496503497
11.208092485549134
0.8594405594405594
11.208092485549134
0.8699300699300699
11.208092485549134
0.8797202797202798
11.208092485549134
0.8895104895104895
11.208092485549134
0.8993006993006993
11.208092485549134
0.9097902097902097
11.190751445086706
0.9195804195804196
11.190751445086706
0.9293706293706294
11.190751445086706
0.9398601398601399
11.190751445086706
0.9496503496503497
11.173410404624278
0.9594405594405595
11.173410404624278
0.9699300699300699
11.173410404624278
0.9797202797202798
11.173410404624278
0.9895104895104896
11.15606936416185
0.9993006993006994
11.15606936416185
