0.40167785234899334
0.5183391003460207
0.4026845637583893
0.5183391003460207
0.40369127516778525
0.5186851211072665
0.40469798657718126
0.5186851211072665
0.4057046979865772
0.5186851211072665
0.40671140939597317
0.5186851211072665
0.4077181208053691
0.5186851211072665
0.40872483221476513
0.5186851211072665
0.4097315436241611
0.5186851211072665
0.41073825503355704
0.5186851211072665
0.41174496644295305
0.5183391003460207
0.412751677852349
0.5183391003460207
0.41375838926174496
0.5179930795847751
0.414765100671141
0.5179930795847751
0.41577181208053693
0.5176470588235293
0.4167785234899329
0.5176470588235293
0.4177852348993289
0.5173010380622838
0.41879194630872485
0.5169550173010381
0.4197986577181208
0.5166089965397924
0.4208053691275168
0.5166089965397924
0.42181208053691277
0.5162629757785467
0.4228187919463087
0.5159169550173011
0.42382550335570474
0.5155709342560554
0.4248322147651007
0.5152249134948097
0.42583892617449665
0.514878892733564
0.42684563758389266
0.514878892733564
0.4278523489932886
0.5145328719723183
0.42885906040268457
0.5141868512110727
0.4298657718120806
0.513840830449827
0.43087248322147653
0.5134948096885813
0.4318791946308725
0.5131487889273356
0.4328859060402685
0.5124567474048443
0.43389261744966445
0.5121107266435986
0.4348993288590604
0.5117647058823529
0.4359060402684564
0.5114186851211072
0.4369127516778524
0.5110726643598617
0.43791946308724833
0.5103806228373703
0.4389261744966443
0.5100346020761246
0.4399328859060403
0.5096885813148789
0.44093959731543625
0.5089965397923876
0.4419463087248322
0.5086505190311419
0.4429530201342282
0.5079584775086505
0.44395973154362417
0.5072664359861592
0.4449664429530201
0.5069204152249135
0.44597315436241614
0.5062283737024221
0.4469798657718121
0.5058823529411764
0.44798657718120805
0.5051903114186851
0.44899328859060406
0.5044982698961937
0.45
0.5041522491349482
0.4506711409395973
0.5034602076124568
0.4516778523489933
0.5027681660899654
0.4526845637583893
0.5020761245674741
0.45369127516778524
0.5013840830449827
0.4546979865771812
0.5006920415224914
0.4557046979865772
0.5
0.45671140939597316
0.49930795847750864
0.4577181208053691
0.4986159169550173
0.4587248322147651
0.4979238754325259
0.4597315436241611
0.49723183391003456
0.46073825503355703
0.4965397923875433
0.46174496644295304
0.49550173010380627
0.462751677852349
0.4948096885813149
0.46375838926174495
0.49411764705882355
0.46476510067114096
0.4934256055363322
0.4657718120805369
0.49273356401384083
0.4667785234899329
0.49204152249134947
0.4677852348993289
0.4913494809688581
0.46879194630872484
0.4903114186851211
0.4697986577181208
0.48961937716262977
0.4708053691275168
0.4889273356401384
0.47181208053691276
0.4878892733564014
0.4728187919463087
0.48719723183391006
0.4738255033557047
0.486159169550173
0.4748322147651007
0.48546712802768166
0.47583892617449663
0.4844290657439446
0.47684563758389265
0.48373702422145326
0.4778523489932886
0.4826989619377162
0.47885906040268456
0.4816608996539793
0.47986577181208057
0.48062283737024225
0.4808724832214765
0.4799307958477509
0.4818791946308725
0.47889273356401385
0.4828859060402685
0.47750865051903113
0.48389261744966444
0.4764705882352941
0.4848993288590604
0.4754325259515571
0.4859060402684564
0.47439446366782007
0.48691275167785236
0.4733564013840831
0.4879194630872483
0.47197231833910036
0.48892617449664433
0.4709342560553633
0.4899328859060403
0.4698961937716263
0.49093959731543624
0.46851211072664356
0.49194630872483225
0.46747404844290663
0.4929530201342282
0.4660899653979239
0.49395973154362416
0.4647058823529412
0.49496644295302017
0.46366782006920415
0.4959731543624161
0.46228373702422143
0.4969798657718121
0.46089965397923877
0.4979865771812081
0.45951557093425605
0.49899328859060404
0.4581314878892734
0.5
0.45674740484429066
0.5006711409395973
0.4560553633217993
0.5016778523489933
0.4546712802768166
0.5026845637583892
0.4532871972318339
0.5036912751677852
0.4519031141868512
0.5046979865771812
0.45051903114186853
0.5057046979865771
0.4491349480968858
0.5067114093959731
0.4474048442906574
0.5077181208053692
0.44602076124567475
0.508724832214765
0.444636678200692
0.5097315436241611
0.4429065743944637
0.5107382550335571
0.44152249134948096
0.511744966442953
0.43979238754325256
0.512751677852349
0.4380622837370242
0.513758389261745
0.43633217993079587
0.5147651006711409
0.43460207612456747
0.5157718120805369
0.43287197231833907
0.5167785234899329
0.4311418685121107
0.5177852348993288
0.4290657439446367
0.5187919463087248
0.4273356401384083
0.5197986577181208
0.4252595155709342
0.5208053691275167
0.4231833910034602
0.5218120805369127
0.42145328719723185
0.5228187919463088
0.41937716262975777
0.5238255033557047
0.41730103806228375
0.5248322147651007
0.414878892733564
0.5258389261744967
0.41280276816608996
0.5268456375838926
0.41038062283737026
0.5278523489932886
0.4083044982698962
0.5288590604026846
0.40588235294117647
0.5298657718120805
0.40346020761245677
0.5308724832214765
0.401038062283737
0.5318791946308725
0.3986159169550173
0.5328859060402684
0.3961937716262976
0.5338926174496644
0.39377162629757784
0.5348993288590604
0.39134948096885813
0.5359060402684563
0.3889273356401384
0.5369127516778524
0.386159169550173
0.5379194630872484
0.3833910034602076
0.5389261744966443
0.3809688581314879
0.5399328859060403
0.3782006920415225
0.5409395973154363
0.37577854671280275
0.5419463087248322
0.37301038062283737
0.5429530201342282
0.370242214532872
0.5439597315436242
0.36747404844290654
0.5449664429530201
0.3643598615916955
0.5459731543624161
0.3615916955017301
0.5469798657718121
0.35847750865051903
0.547986577181208
0.35536332179930796
0.548993288590604
0.3522491349480969
0.55
0.34878892733564015
0.5506711409395973
0.3467128027681661
0.5516778523489934
0.343598615916955
0.5526845637583893
0.34048442906574394
0.5536912751677853
0.3373702422145329
0.5546979865771812
0.33391003460207613
0.5557046979865772
0.33079584775086507
0.5567114093959732
0.32768166089965395
0.5577181208053691
0.3245674740484429
0.5587248322147651
0.3214532871972318
0.5597315436241611
0.3179930795847751
0.560738255033557
0.31418685121107265
0.561744966442953
0.3107266435986159
0.5627516778523489
0.30726643598615916
0.563758389261745
0.30311418685121105
