0.39794238683127575
0.5288617886178861
0.39876543209876547
0.5288617886178861
0.4
0.5288617886178861
0.40082304526748974
0.5288617886178861
0.4020576131687243
0.5284552845528455
0.402880658436214
0.5284552845528455
0.40411522633744856
0.5284552845528455
0.4049382716049383
0.5284552845528455
0.405761316872428
0.5284552845528455
0.40699588477366255
0.5284552845528455
0.40781893004115227
0.5284552845528455
0.4090534979423869
0.5280487804878049
0.40987654320987654
0.5280487804878049
0.41111111111111115
0.5280487804878049
0.41193415637860087
0.5280487804878049
0.41275720164609053
0.5276422764227642
0.41399176954732514
0.5276422764227642
0.41481481481481486
0.5276422764227642
0.4160493827160494
0.5272357723577236
0.41687242798353913
0.5272357723577236
0.4181069958847737
0.526829268292683
0.4189300411522634
0.526829268292683
0.4197530864197531
0.5264227642276422
0.42098765432098767
0.5264227642276422
0.4218106995884774
0.5260162601626017
0.42304526748971194
0.525609756097561
0.42386831275720166
0.5252032520325204
0.4251028806584362
0.5247967479674797
0.42592592592592593
0.5247967479674797
0.42674897119341565
0.524390243902439
0.4279835390946502
0.5239837398373984
0.4288065843621399
0.5235772357723577
0.4300411522633745
0.5231707317073171
0.4308641975308642
0.5227642276422764
0.4320987654320988
0.5219512195121951
0.4329218106995885
0.5215447154471544
0.4337448559670782
0.5211382113821139
0.4349794238683128
0.5203252032520326
0.4358024691358025
0.5199186991869919
0.43703703703703706
0.5191056910569106
0.4378600823045268
0.5186991869918699
0.4390946502057613
0.5178861788617886
0.43991769547325105
0.517479674796748
0.44074074074074077
0.5166666666666666
0.4419753086419753
0.5158536585365854
0.44279835390946504
0.5150406504065042
0.4440329218106996
0.5142276422764228
0.4448559670781893
0.5134146341463415
0.44609053497942386
0.5126016260162601
0.4469135802469136
0.5117886178861788
0.4477366255144033
0.5109756097560976
0.44897119341563785
0.5097560975609756
0.44979423868312757
0.5089430894308943
0.4510288065843622
0.5077235772357723
0.45185185185185184
0.506910569105691
0.45308641975308644
0.5056910569105691
0.45390946502057616
0.5044715447154472
0.4547325102880658
0.5036585365853659
0.45596707818930043
0.5024390243902439
0.45679012345679015
0.501219512195122
0.4580246913580247
0.4995934959349594
0.4588477366255144
0.49837398373983743
0.460082304526749
0.4967479674796748
0.4609053497942387
0.49593495934959353
0.4617283950617284
0.4947154471544716
0.46296296296296297
0.49308943089430896
0.4637860082304527
0.491869918699187
0.46502057613168724
0.48983739837398377
0.46584362139917695
0.4886178861788618
0.46707818930041156
0.4869918699186992
0.4679012345679012
0.4853658536585366
0.46872427983539094
0.4841463414634146
0.46995884773662555
0.48211382113821144
0.4707818930041152
0.48089430894308943
0.47201646090534977
0.4788617886178862
0.47283950617283954
0.47764227642276424
0.4740740740740741
0.47560975609756095
0.47489711934156376
0.4739837398373984
0.47572016460905353
0.47276422764227644
0.4769547325102881
0.47032520325203253
0.4777777777777778
0.4686991869918699
0.47901234567901235
0.46626016260162606
0.47983539094650207
0.4646341463414634
0.4810699588477366
0.46219512195121953
0.48189300411522634
0.4601626016260163
0.48271604938271606
0.4585365853658537
0.4839506172839506
0.4556910569105691
0.48477366255144033
0.45365853658536587
0.48600823045267494
0.4504065040650407
0.4868312757201646
0.4483739837398374
0.48806584362139915
0.44471544715447153
0.48888888888888893
0.4426829268292683
0.4901234567901235
0.43902439024390244
0.49094650205761314
0.43658536585365854
0.4917695473251029
0.43414634146341463
0.49300411522633747
0.43048780487804883
0.49382716049382713
0.4276422764227642
0.49506172839506174
0.4239837398373984
0.49588477366255146
0.4211382113821138
0.497119341563786
0.41707317073170735
0.49794238683127573
0.4142276422764228
0.49876543209876545
0.4113821138211382
0.5
0.40691056910569107
0.5008230452674898
0.4040650406504065
0.5020576131687243
0.39959349593495935
0.502880658436214
0.3959349593495935
0.5041152263374485
0.3902439024390244
0.5049382716049383
0.38658536585365855
0.505761316872428
0.3829268292682927
0.5069958847736625
0.3772357723577236
0.5078189300411523
0.37317073170731707
0.5090534979423869
0.367479674796748
0.5098765432098765
0.36341463414634145
0.5111111111111111
0.3573170731707317
0.5119341563786008
0.3532520325203252
0.5127572016460905
0.3491869918699187
0.5139917695473251
0.34268292682926826
0.5148148148148148
0.33780487804878045
0.5160493827160494
0.3300813008130081
0.516872427983539
0.32479674796747965
0.5181069958847737
0.3154471544715447
0.5189300411522634
0.3089430894308943
0.519753086419753
0.3020325203252032
