0.40167785234899334
0.5183391003460207
0.4026845637583893
0.5183391003460207
0.40369127516778525
0.5186851211072665
0.40469798657718126
0.5186851211072665
0.4057046979865772
0.5186851211072665
0.40671140939597317
0.5186851211072665
0.4077181208053691
0.5186851211072665
0.40872483221476513
0.5186851211072665
0.4097315436241611
0.5186851211072665
0.41073825503355704
0.5186851211072665
0.41174496644295305
0.5183391003460207
0.412751677852349
0.5183391003460207
0.41375838926174496
0.5179930795847751
0.414765100671141
0.5179930795847751
0.41577181208053693
0.5176470588235293
0.4167785234899329
0.5176470588235293
0.4177852348993289
0.5173010380622838
0.41879194630872485
0.5169550173010381
0.4197986577181208
0.5166089965397924
0.4208053691275168
0.5166089965397924
0.42181208053691277
0.5162629757785467
0.4228187919463087
0.5159169550173011
0.42382550335570474
0.5155709342560554
0.4248322147651007
0.5152249134948097
0.42583892617449665
0.514878892733564
0.42684563758389266
0.514878892733564
0.4278523489932886
0.5145328719723183
0.42885906040268457
0.5141868512110727
0.4298657718120806
0.513840830449827
0.43087248322147653
0.5134948096885813
0.4318791946308725
0.5131487889273356
0.4328859060402685
0.5124567474048443
0.43389261744966445
0.5121107266435986
0.4348993288590604
0.5117647058823529
0.4359060402684564
0.5114186851211072
0.4369127516778524
0.5110726643598617
0.43791946308724833
0.5103806228373703
0.4389261744966443
0.5100346020761246
0.4399328859060403
0.5096885813148789
0.44093959731543625
0.5089965397923876
0.4419463087248322
0.5086505190311419
0.4429530201342282
0.5079584775086505
0.44395973154362417
0.5072664359861592
0.4449664429530201
0.5069204152249135
0.44597315436241614
0.5062283737024221
0.4469798657718121
0.5058823529411764
0.44798657718120805
0.5051903114186851
0.44899328859060406
0.5044982698961937
0.45
0.5041522491349482
0.4506711409395973
0.5034602076124568
0.4516778523489933
0.5027681660899654
0.4526845637583893
0.5020761245674741
0.45369127516778524
0.5013840830449827
0.4546979865771812
0.5003460207612457
0.4557046979865772
0.4996539792387543
0.45671140939597316
0.49896193771626296
0.4577181208053691
0.4979238754325259
0.4587248322147651
0.49723183391003456
0.4597315436241611
0.4965397923875433
0.46073825503355703
0.49550173010380627
0.46174496644295304
0.4948096885813149
0.462751677852349
0.49377162629757787
0.46375838926174495
0.4930795847750865
0.46476510067114096
0.49204152249134947
0.4657718120805369
0.4913494809688581
0.4667785234899329
0.4903114186851211
0.4677852348993289
0.4892733564013841
0.46879194630872484
0.48823529411764705
0.4697986577181208
0.48719723183391006
0.4708053691275168
0.486159169550173
0.47181208053691276
0.485121107266436
0.4728187919463087
0.48408304498269894
0.4738255033557047
0.4830449826989619
0.4748322147651007
0.4816608996539793
0.47583892617449663
0.48062283737024225
0.47684563758389265
0.4795847750865052
0.4778523489932886
0.4782006920415225
0.47885906040268456
0.47716262975778545
0.47986577181208057
0.47577854671280273
0.4808724832214765
0.47474048442906575
0.4818791946308725
0.4733564013840831
0.4828859060402685
0.47197231833910036
0.48389261744966444
0.4709342560553633
0.4848993288590604
0.4695501730103806
0.4859060402684564
0.4681660899653979
0.48691275167785236
0.46678200692041527
0.4879194630872483
0.46539792387543255
0.48892617449664433
0.46401384083044983
0.4899328859060403
0.4626297577854671
0.49093959731543624
0.4612456747404844
0.49194630872483225
0.4598615916955017
0.4929530201342282
0.4581314878892734
0.49395973154362416
0.45674740484429066
0.49496644295302017
0.45501730103806226
0.4959731543624161
0.4536332179930796
0.4969798657718121
0.4519031141868512
0.4979865771812081
0.45017301038062285
0.49899328859060404
0.44844290657439445
0.5
0.44671280276816605
0.5006711409395973
0.4453287197231834
0.5016778523489933
0.44359861591695504
0.5026845637583892
0.44152249134948096
0.5036912751677852
0.4394463667820069
0.5046979865771812
0.43737024221453286
0.5057046979865771
0.4356401384083045
0.5067114093959731
0.43321799307958475
0.5077181208053692
0.4311418685121107
0.508724832214765
0.4290657439446367
0.5097315436241611
0.42664359861591694
0.5107382550335571
0.4245674740484429
0.511744966442953
0.42214532871972316
0.512751677852349
0.42006920415224913
0.513758389261745
0.4176470588235294
0.5147651006711409
0.41522491349480967
0.5157718120805369
0.41314878892733564
0.5167785234899329
0.41072664359861594
0.5177852348993288
0.4083044982698962
0.5187919463087248
0.4055363321799308
0.5197986577181208
0.4031141868512111
0.5208053691275167
0.40034602076124565
0.5218120805369127
0.39792387543252594
0.5228187919463088
0.39515570934256056
0.5238255033557047
0.3923875432525952
0.5248322147651007
0.38927335640138405
0.5258389261744967
0.38650519031141867
0.5268456375838926
0.3833910034602076
0.5278523489932886
0.38027681660899654
0.5288590604026846
0.3771626297577855
0.5298657718120805
0.3737024221453287
0.5308724832214765
0.370242214532872
0.5318791946308725
0.36678200692041524
0.5328859060402684
0.3633217993079585
0.5338926174496644
0.35986159169550175
0.5348993288590604
0.3560553633217993
0.5359060402684563
0.3522491349480969
0.5369127516778524
0.34878892733564015
0.5379194630872484
0.34498269896193773
0.5389261744966443
0.3411764705882353
0.5399328859060403
0.3370242214532872
0.5409395973154363
0.3332179930795848
0.5419463087248322
0.32906574394463667
0.5429530201342282
0.32525951557093424
0.5439597315436242
0.32110726643598614
0.5449664429530201
0.31695501730103803
0.5459731543624161
0.3124567474048443
0.5469798657718121
0.3079584775086505
0.547986577181208
0.30311418685121105
