0.39794238683127575
0.5288617886178861
0.39876543209876547
0.5288617886178861
0.4
0.5288617886178861
0.40082304526748974
0.5288617886178861
0.4020576131687243
0.5284552845528455
0.402880658436214
0.5284552845528455
0.40411522633744856
0.5284552845528455
0.4049382716049383
0.5284552845528455
0.405761316872428
0.5284552845528455
0.40699588477366255
0.5284552845528455
0.40781893004115227
0.5284552845528455
0.4090534979423869
0.5280487804878049
0.40987654320987654
0.5280487804878049
0.41111111111111115
0.5280487804878049
0.41193415637860087
0.5280487804878049
0.41275720164609053
0.5276422764227642
0.41399176954732514
0.5276422764227642
0.41481481481481486
0.5276422764227642
0.4160493827160494
0.5272357723577236
0.41687242798353913
0.5272357723577236
0.4181069958847737
0.526829268292683
0.4189300411522634
0.526829268292683
0.4197530864197531
0.5264227642276422
0.42098765432098767
0.5264227642276422
0.4218106995884774
0.5260162601626017
0.42304526748971194
0.525609756097561
0.42386831275720166
0.5252032520325204
0.4251028806584362
0.5247967479674797
0.42592592592592593
0.5247967479674797
0.42674897119341565
0.524390243902439
0.4279835390946502
0.5239837398373984
0.4288065843621399
0.5235772357723577
0.4300411522633745
0.5235772357723577
0.4308641975308642
0.5231707317073171
0.4320987654320988
0.5227642276422764
0.4329218106995885
0.5223577235772358
0.4337448559670782
0.5219512195121951
0.4349794238683128
0.5215447154471544
0.4358024691358025
0.5215447154471544
0.43703703703703706
0.5207317073170732
0.4378600823045268
0.5207317073170732
0.4390946502057613
0.5199186991869919
0.43991769547325105
0.5195121951219512
0.44074074074074077
0.5195121951219512
0.4419753086419753
0.5186991869918699
0.44279835390946504
0.5182926829268293
0.4440329218106996
0.5178861788617886
0.4448559670781893
0.517479674796748
0.44609053497942386
0.5166666666666666
0.4469135802469136
0.5162601626016261
0.4477366255144033
0.5158536585365854
0.44897119341563785
0.5154471544715448
0.44979423868312757
0.5150406504065042
0.4510288065843622
0.5142276422764228
0.45185185185185184
0.5138211382113821
0.45308641975308644
0.5130081300813009
0.45390946502057616
0.5126016260162601
0.4547325102880658
0.5117886178861788
0.45596707818930043
0.5109756097560976
0.45679012345679015
0.5101626016260163
0.4580246913580247
0.509349593495935
0.4588477366255144
0.5089430894308943
0.460082304526749
0.5077235772357723
0.4609053497942387
0.5073170731707317
0.4617283950617284
0.5065040650406505
0.46296296296296297
0.5052845528455285
0.4637860082304527
0.5048780487804878
0.46502057613168724
0.5036585365853659
0.46584362139917695
0.5028455284552845
0.46707818930041156
0.5016260162601627
0.4679012345679012
0.501219512195122
0.46872427983539094
0.5004065040650407
0.46995884773662555
0.4991869918699187
0.4707818930041152
0.49837398373983743
0.47201646090534977
0.4971544715447155
0.47283950617283954
0.49593495934959353
0.4740740740740741
0.4947154471544716
0.47489711934156376
0.49390243902439024
0.47572016460905353
0.49308943089430896
0.4769547325102881
0.491869918699187
0.4777777777777778
0.49065040650406505
0.47901234567901235
0.4894308943089431
0.47983539094650207
0.4886178861788618
0.4810699588477366
0.4869918699186992
0.48189300411522634
0.4861788617886179
0.48271604938271606
0.4853658536585366
0.4839506172839506
0.483739837398374
0.48477366255144033
0.48292682926829267
0.48600823045267494
0.4813008130081301
0.4868312757201646
0.48048780487804876
0.48806584362139915
0.4788617886178862
0.48888888888888893
0.47804878048780486
0.4901234567901235
0.4760162601626016
0.49094650205761314
0.47520325203252034
0.4917695473251029
0.4739837398373984
0.49300411522633747
0.4719512195121951
0.49382716049382713
0.47073170731707314
0.49506172839506174
0.4691056910569106
0.49588477366255146
0.4678861788617886
0.497119341563786
0.46626016260162606
0.49794238683127573
0.46504065040650405
0.49876543209876545
0.4634146341463415
0.5
0.46178861788617886
0.5008230452674898
0.4605691056910569
0.5020576131687243
0.4585365853658537
0.502880658436214
0.45691056910569106
0.5041152263374485
0.4548780487804878
0.5049382716049383
0.45365853658536587
0.505761316872428
0.4524390243902439
0.5069958847736625
0.45
0.5078189300411523
0.4483739837398374
0.5090534979423869
0.4459349593495935
0.5098765432098765
0.4443089430894309
0.5111111111111111
0.441869918699187
0.5119341563786008
0.4402439024390244
0.5127572016460905
0.43861788617886177
0.5139917695473251
0.43577235772357725
0.5148148148148148
0.43414634146341463
0.5160493827160494
0.43130081300813006
0.516872427983539
0.4292682926829268
0.5181069958847737
0.42642276422764225
0.5189300411522634
0.424390243902439
0.519753086419753
0.4223577235772358
0.5209876543209877
0.4191056910569106
0.5218106995884774
0.41707317073170735
0.5230452674897119
0.4142276422764228
0.5238683127572017
0.4117886178861789
0.5251028806584361
0.4085365853658537
0.5259259259259259
0.4065040650406504
0.5267489711934157
0.40447154471544716
0.5279835390946502
0.401219512195122
0.5288065843621399
0.3991869918699187
0.5300411522633744
0.3951219512195122
0.5308641975308642
0.39227642276422764
0.5320987654320988
0.3882113821138211
0.5329218106995884
0.3857723577235772
0.5337448559670782
0.3829268292682927
0.5349794238683128
0.37886178861788616
0.5358024691358024
0.37601626016260165
0.537037037037037
0.3719512195121951
0.5378600823045268
0.36910569105691055
0.5390946502057613
0.3646341463414634
0.539917695473251
0.3617886178861789
0.5407407407407407
0.3589430894308943
0.5419753086419753
0.3544715447154472
0.542798353909465
0.3516260162601626
0.5440329218106996
0.3467479674796748
0.5448559670781893
0.3439024390243902
0.5460905349794238
0.3386178861788618
0.5469135802469136
0.33536585365853655
0.5477366255144033
0.3317073170731707
0.5489711934156378
0.3260162601626016
0.5497942386831276
0.32235772357723574
0.5510288065843622
0.31585365853658537
0.5518518518518518
0.31178861788617884
0.5530864197530864
0.30528455284552847
