0.398812351543943
0.8860520094562648
0.4
0.8881796690307329
0.40095011876484565
0.8898345153664303
0.40190023752969123
0.8912529550827424
0.40285035629453686
0.8929078014184397
0.40380047505938244
0.8945626477541372
0.40498812351543945
0.8964539007092199
0.4059382422802851
0.8981087470449173
0.40688836104513065
0.8997635933806147
0.4078384798099763
0.9011820330969267
0.40878859857482186
0.9028368794326241
0.40997624703087887
0.9047281323877069
0.4109263657957245
0.9063829787234042
0.4118764845605701
0.9078014184397163
0.4128266033254157
0.9094562647754137
0.4140142517814727
0.9113475177304965
0.4149643705463183
0.9127659574468086
0.4159144893111639
0.9141843971631206
0.4168646080760095
0.9156028368794327
0.41781472684085513
0.9170212765957447
0.41900237529691214
0.9186761229314421
0.4199524940617577
0.9198581560283688
0.42090261282660335
0.9212765957446809
0.4218527315914489
0.9224586288416076
0.42280285035629456
0.9236406619385343
0.42399049881235157
0.9250591016548464
0.42494061757719714
0.9260047281323878
0.4258907363420428
0.9269503546099291
0.4268408551068884
0.9281323877068558
0.427790973871734
0.9290780141843972
0.428978622327791
0.9300236406619385
0.42992874109263657
0.9309692671394799
0.4308788598574822
0.9319148936170213
0.43182897862232783
0.9328605200945627
0.43301662707838484
0.9340425531914893
0.4339667458432304
0.9347517730496454
0.43491686460807605
0.9356973995271868
0.4358669833729216
0.9364066193853429
0.43681710213776725
0.9371158392434988
0.43800475059382427
0.9380614657210402
0.43895486935866984
0.9387706855791962
0.4399049881235155
0.9394799054373523
0.44085510688836105
0.9401891252955082
0.4418052256532067
0.9408983451536643
0.4429928741092637
0.9418439716312057
0.44394299287410927
0.9425531914893617
0.4448931116389549
0.9430260047281325
0.4458432304038005
0.9437352245862884
0.4467933491686461
0.9444444444444444
0.4479809976247031
0.9451536643026005
0.4489311163895487
0.9456264775413712
0.4498812351543943
0.9463356973995272
0.4508313539192399
0.9468085106382979
0.4520190023752969
0.9475177304964539
0.45296912114014254
0.9479905437352246
0.4539192399049881
0.9484633569739953
0.45486935866983375
0.948936170212766
0.4558194774346793
0.9491725768321513
0.45700712589073633
0.9498817966903074
0.45795724465558196
0.9501182033096927
0.4589073634204276
0.9505910165484633
0.45985748218527317
0.9508274231678487
0.4608076009501188
0.951063829787234
0.46199524940617576
0.9513002364066194
0.4629453681710214
0.9515366430260047
0.463895486935867
0.9517730496453901
0.4648456057007126
0.9520094562647754
0.46579572446555817
0.9522458628841608
0.4669833729216152
0.9524822695035461
0.4679334916864608
0.9527186761229315
0.46888361045130644
0.9529550827423168
0.469833729216152
0.9529550827423168
0.47102137767220903
0.9529550827423168
0.4719714964370546
0.9531914893617022
0.47292161520190024
0.9531914893617022
0.47387173396674587
0.9531914893617022
0.47482185273159144
0.9531914893617022
0.47600950118764845
0.9534278959810875
0.4769596199524941
0.9534278959810875
0.47790973871733966
0.9534278959810875
0.4788598574821853
0.9534278959810875
0.47980997624703087
0.9534278959810875
0.4809976247030879
0.9534278959810875
0.4819477434679335
0.9534278959810875
0.4828978622327791
0.9534278959810875
0.4838479809976247
0.9534278959810875
0.4847980997624703
0.9534278959810875
0.4859857482185273
0.9534278959810875
0.48693586698337293
0.9531914893617022
0.4878859857482185
0.9531914893617022
0.48883610451306414
0.9529550827423168
0.49002375296912115
0.9529550827423168
0.4909738717339668
0.9527186761229315
0.49192399049881236
0.9524822695035461
0.49287410926365793
0.9522458628841608
0.49382422802850356
0.9520094562647754
0.4950118764845606
0.9517730496453901
0.4959619952494062
0.9515366430260047
0.4969121140142518
0.9513002364066194
0.4978622327790974
0.9508274231678487
0.498812351543943
0.950354609929078
0.5
0.9498817966903074
0.5009501187648456
0.949645390070922
0.5019002375296913
0.9491725768321513
0.5028503562945368
0.948936170212766
0.5038004750593824
0.9484633569739953
0.5049881235154394
0.9479905437352246
0.505938242280285
0.9475177304964539
0.5068883610451307
0.9470449172576832
0.5078384798099762
0.9465721040189126
0.5087885985748218
0.9460992907801419
0.5099762470308788
0.9456264775413712
0.5109263657957245
0.9451536643026005
0.5118764845605701
0.9446808510638298
0.5128266033254156
0.9439716312056737
0.5140142517814726
0.9432624113475178
0.5149643705463183
0.9427895981087471
0.5159144893111639
0.942080378250591
0.5168646080760095
0.9416075650118203
0.517814726840855
0.9408983451536643
0.5190023752969122
0.939952718676123
0.5199524940617577
0.939243498817967
0.5209026128266033
0.9385342789598109
0.521852731591449
0.9378250591016548
0.5228028503562945
0.9368794326241134
0.5239904988123516
0.9359338061465721
0.5249406175771971
0.9349881796690307
0.5258907363420428
0.9340425531914893
0.5268408551068884
0.933096926713948
0.5277909738717339
0.9321513002364066
0.528978622327791
0.9307328605200946
0.5299287410926365
0.9297872340425533
0.5308788598574822
0.9286052009456265
0.5318289786223278
0.9274231678486997
0.5330166270783848
0.9260047281323878
0.5339667458432305
0.924822695035461
0.534916864608076
0.9234042553191489
0.5358669833729216
0.9222222222222223
0.5368171021377672
0.9208037825059102
0.5380047505938242
0.9189125295508275
0.5389548693586699
0.91725768321513
0.5399049881235154
0.9156028368794327
0.540855106888361
0.9139479905437352
0.5418052256532067
0.9120567375886525
0.5429928741092637
0.9094562647754137
0.5439429928741093
0.907565011820331
0.5448931116389548
0.9054373522458629
0.5458432304038005
0.9030732860520094
0.5467933491686461
0.9009456264775414
0.5479809976247031
0.8981087470449173
0.5489311163895487
0.8955082742316784
0.5498812351543942
0.8931442080378251
0.5508313539192399
0.8905437352245863
0.5520190023752969
0.8869976359338062
0.5529691211401425
0.8841607565011821
0.5539192399049881
0.8810874704491726
0.5548693586698337
0.8777777777777778
0.5558194774346793
0.874468085106383
0.5570071258907363
0.8706855791962176
0.5579572446555819
0.866193853427896
0.5589073634204276
0.8619385342789598
0.5598574821852731
0.8574468085106384
0.5608076009501188
0.8529550827423168
0.5619952494061757
0.8468085106382979
0.5629453681710214
0.841371158392435
0.563895486935867
0.8356973995271868
0.5648456057007125
0.8293144208037826
0.5657957244655581
0.8222222222222223
0.5669833729216152
0.8111111111111111
0.5679334916864608
0.7990543735224587
