0.6
29.83297180043384
0.6095823095823095
29.83297180043384
0.6199017199017198
29.83297180043384
0.6294840294840295
29.83297180043384
0.6398034398034398
29.815618221258134
0.6493857493857493
29.815618221258134
0.6597051597051596
29.815618221258134
0.6692874692874693
29.79826464208243
0.6796068796068796
29.79826464208243
0.6899262899262899
29.780911062906725
0.6995085995085994
29.780911062906725
0.7098280098280099
29.76355748373102
0.7194103194103194
29.746203904555315
0.7297297297297297
29.72885032537961
0.7393120393120393
29.72885032537961
0.7496314496314496
29.711496746203906
0.75995085995086
29.676789587852497
0.7695331695331695
29.659436008676792
0.7798525798525798
29.642082429501087
0.7894348894348895
29.624728850325383
0.7997542997542997
29.607375271149674
0.8093366093366093
29.59002169197397
0.8196560196560196
29.55531453362256
0.82997542997543
29.537960954446856
0.8395577395577396
29.520607375271148
0.8498771498771498
29.485900216919738
0.8594594594594595
29.468546637744033
0.8697788697788698
29.433839479392624
0.8793611793611793
29.41648590021692
0.8896805896805897
29.38177874186551
0.8999999999999999
29.3470715835141
0.9095823095823096
29.31236442516269
0.9199017199017199
29.277657266811282
0.9294840294840294
29.242950108459873
0.9398034398034398
29.190889370932755
0.9493857493857494
29.156182212581346
0.9597051597051597
29.121475054229933
0.9692874692874693
29.086767895878523
0.9796068796068796
29.052060737527114
0.98992628992629
29.0
0.9995085995085995
28.96529284164859
