0.6
12.751445086705203
0.6097902097902098
12.751445086705203
0.6195804195804195
12.751445086705203
0.6293706293706294
12.751445086705203
0.6398601398601398
12.734104046242775
0.6496503496503496
12.734104046242775
0.6594405594405595
12.716763005780347
0.6699300699300699
12.716763005780347
0.6797202797202797
12.69942196531792
0.6895104895104895
12.69942196531792
0.6993006993006993
12.68208092485549
0.7097902097902098
12.664739884393065
0.7195804195804196
12.647398843930636
0.7293706293706294
12.647398843930636
0.7398601398601399
12.612716763005782
0.7496503496503497
12.595375722543352
0.7594405594405594
12.578034682080926
0.76993006993007
12.560693641618498
0.7797202797202798
12.526011560693643
0.7895104895104895
12.508670520231213
0.7993006993006994
12.473988439306359
0.8097902097902099
12.439306358381504
0.8195804195804196
12.404624277456648
0.8293706293706293
12.369942196531792
0.8398601398601399
12.335260115606935
0.8496503496503497
12.300578034682081
0.8594405594405594
12.265895953757227
0.8699300699300699
12.213872832369944
0.8797202797202798
12.16184971098266
0.8895104895104895
12.127167630057805
0.8993006993006993
12.07514450867052
0.9097902097902097
12.00578034682081
0.9195804195804196
11.953757225433526
0.9293706293706294
11.901734104046243
0.9398601398601399
11.832369942196532
0.9496503496503497
11.763005780346822
0.9594405594405595
11.710982658959537
0.9699300699300699
11.641618497109826
0.9797202797202798
11.572254335260116
0.9895104895104896
11.502890173410405
0.9993006993006994
11.433526011560694
