0.4017994858611825
0.8792207792207792
0.40282776349614396
0.8810389610389611
0.4038560411311054
0.8828571428571429
0.40488431876606684
0.8846753246753247
0.4059125964010283
0.8864935064935066
0.4069408740359897
0.8883116883116884
0.40796915167095116
0.8898701298701299
0.4089974293059126
0.8916883116883118
0.4097686375321337
0.892987012987013
0.41079691516709516
0.8945454545454545
0.4118251928020566
0.8961038961038962
0.41285347043701803
0.8976623376623377
0.41388174807197947
0.8992207792207793
0.4149100257069409
0.9007792207792208
0.41593830334190235
0.9023376623376623
0.4169665809768638
0.9036363636363637
0.4179948586118252
0.9049350649350649
0.4187660668380463
0.905974025974026
0.41979434447300773
0.9072727272727273
0.42082262210796917
0.9088311688311689
0.4218508997429306
0.9101298701298701
0.42287917737789205
0.9111688311688312
0.4239074550128535
0.9124675324675325
0.4249357326478149
0.9137662337662338
0.42596401028277636
0.9148051948051948
0.4269922879177378
0.9158441558441559
0.42776349614395887
0.9166233766233767
0.4287917737789203
0.9174025974025974
0.42982005141388174
0.9184415584415585
0.4308483290488432
0.9194805194805196
0.4318766066838046
0.9205194805194805
0.43290488431876606
0.9212987012987013
0.4339331619537275
0.9223376623376623
0.43496143958868894
0.9231168831168831
0.4359897172236504
0.9238961038961039
0.4367609254498715
0.9246753246753247
0.43778920308483293
0.9254545454545455
0.4388174807197944
0.9262337662337663
0.4398457583547558
0.9270129870129871
0.44087403598971725
0.9275324675324675
0.4419023136246787
0.9283116883116883
0.4429305912596401
0.9288311688311688
0.44395886889460157
0.9293506493506494
0.444987146529563
0.92987012987013
0.44575835475578407
0.9303896103896104
0.4467866323907455
0.9309090909090909
0.44781491002570695
0.9314285714285715
0.4488431876606684
0.931948051948052
0.4498714652956298
0.9324675324675324
0.45089974293059126
0.932987012987013
0.4519280205655527
0.9335064935064935
0.45295629820051414
0.9340259740259741
0.4539845758354756
0.9342857142857143
0.45475578406169664
0.9345454545454546
0.4557840616966581
0.9350649350649352
0.4568123393316195
0.9353246753246753
0.45784061696658096
0.9358441558441559
0.45886889460154245
0.9361038961038961
0.45989717223650384
0.9363636363636364
0.46092544987146533
0.9368831168831169
0.4619537275064267
0.9371428571428572
0.4629820051413882
0.9374025974025975
0.4637532133676093
0.9374025974025975
0.4647814910025707
0.9376623376623376
0.46580976863753215
0.9379220779220779
0.4668380462724936
0.9381818181818182
0.46786632390745503
0.9384415584415584
0.46889460154241647
0.9387012987012987
0.4699228791773779
0.9387012987012987
0.47095115681233934
0.9387012987012987
0.4719794344473008
0.938961038961039
0.47275064267352185
0.938961038961039
0.4737789203084833
0.938961038961039
0.4748071979434447
0.938961038961039
0.47583547557840616
0.9392207792207792
0.4768637532133676
0.9392207792207792
0.47789203084832904
0.9392207792207792
0.4789203084832905
0.9392207792207792
0.4799485861182519
0.9392207792207792
0.48097686375321336
0.9392207792207792
0.4817480719794345
0.9392207792207792
0.48277634961439586
0.9392207792207792
0.48380462724935736
0.9392207792207792
0.4848329048843188
0.9392207792207792
0.48586118251928023
0.9392207792207792
0.4868894601542416
0.9392207792207792
0.4879177377892031
0.938961038961039
0.4889460154241645
0.938961038961039
0.489974293059126
0.938961038961039
0.49074550128534705
0.9387012987012987
0.4917737789203085
0.9384415584415584
0.49280205655526993
0.9384415584415584
0.49383033419023137
0.9381818181818182
0.4948586118251928
0.9376623376623376
0.49588688946015425
0.9374025974025975
0.4969151670951157
0.9371428571428572
0.4979434447300771
0.9368831168831169
0.49897172236503856
0.9363636363636364
0.5
0.9361038961038961
0.5007712082262211
0.9358441558441559
0.5017994858611825
0.9353246753246753
0.502827763496144
0.9350649350649352
0.5038560411311054
0.9345454545454546
0.5048843187660669
0.9340259740259741
0.5059125964010283
0.9335064935064935
0.5069408740359898
0.9332467532467532
0.5079691516709511
0.9327272727272727
0.5089974293059126
0.9322077922077923
0.5097686375321336
0.931948051948052
0.5107969151670951
0.9314285714285715
0.5118251928020565
0.9309090909090909
0.512853470437018
0.9303896103896104
0.5138817480719794
0.9296103896103897
0.5149100257069409
0.9290909090909091
0.5159383033419023
0.9285714285714286
0.5169665809768638
0.9277922077922078
0.5179948586118251
0.9272727272727272
0.5187660668380463
0.9264935064935065
0.5197943444730078
0.925974025974026
0.5208226221079691
0.9251948051948052
0.5218508997429305
0.9244155844155845
0.522879177377892
0.9236363636363637
0.5239074550128535
0.9228571428571428
0.5249357326478149
0.922077922077922
0.5259640102827763
0.9210389610389611
0.5269922879177378
0.9202597402597403
0.5277634961439588
0.9194805194805196
0.5287917737789203
0.9184415584415585
0.5298200514138818
0.9174025974025974
0.5308483290488432
0.9163636363636364
0.5318766066838047
0.9150649350649351
0.532904884318766
0.9137662337662338
0.5339331619537275
0.9124675324675325
0.5349614395886889
0.9111688311688312
0.5359897172236504
0.9096103896103896
0.5367609254498714
0.9085714285714286
0.5377892030848329
0.907012987012987
0.5388174807197943
0.9054545454545455
0.5398457583547558
0.9036363636363637
0.5408740359897172
0.9020779220779221
0.5419023136246787
0.9002597402597403
0.54293059125964
0.8981818181818182
0.5439588688946015
0.8963636363636364
0.544987146529563
0.8942857142857144
0.545758354755784
0.892987012987013
0.5467866323907455
0.890909090909091
0.5478149100257069
0.8883116883116884
0.5488431876606683
0.8854545454545455
0.5498714652956298
0.8828571428571429
0.5508997429305913
0.88
0.5519280205655527
0.8771428571428572
0.5529562982005142
0.874025974025974
0.5539845758354756
0.8706493506493507
0.5547557840616967
0.8683116883116884
0.5557840616966581
0.8646753246753247
0.5568123393316196
0.8607792207792209
0.5578406169665809
0.8563636363636364
0.5588688946015424
0.851948051948052
0.5598971722365038
0.8467532467532468
0.5609254498714653
0.8400000000000001
0.5619537275064267
0.8332467532467532
0.5629820051413882
0.8262337662337663
0.5637532133676093
0.8192207792207793
0.5647814910025707
0.8031168831168831
