0.39794238683127575
0.5288617886178861
0.39876543209876547
0.5288617886178861
0.4
0.5288617886178861
0.40082304526748974
0.5288617886178861
0.4020576131687243
0.5284552845528455
0.402880658436214
0.5284552845528455
0.40411522633744856
0.5284552845528455
0.4049382716049383
0.5284552845528455
0.405761316872428
0.5284552845528455
0.40699588477366255
0.5284552845528455
0.40781893004115227
0.5284552845528455
0.4090534979423869
0.5280487804878049
0.40987654320987654
0.5280487804878049
0.41111111111111115
0.5280487804878049
0.41193415637860087
0.5280487804878049
0.41275720164609053
0.5276422764227642
0.41399176954732514
0.5276422764227642
0.41481481481481486
0.5276422764227642
0.4160493827160494
0.5272357723577236
0.41687242798353913
0.5272357723577236
0.4181069958847737
0.526829268292683
0.4189300411522634
0.526829268292683
0.4197530864197531
0.5264227642276422
0.42098765432098767
0.5264227642276422
0.4218106995884774
0.5260162601626017
0.42304526748971194
0.525609756097561
0.42386831275720166
0.5252032520325204
0.4251028806584362
0.5247967479674797
0.42592592592592593
0.5247967479674797
0.42674897119341565
0.524390243902439
0.4279835390946502
0.5239837398373984
0.4288065843621399
0.5235772357723577
0.4300411522633745
0.5235772357723577
0.4308641975308642
0.5231707317073171
0.4320987654320988
0.5227642276422764
0.4329218106995885
0.5223577235772358
0.4337448559670782
0.5219512195121951
0.4349794238683128
0.5215447154471544
0.4358024691358025
0.5215447154471544
0.43703703703703706
0.5207317073170732
0.4378600823045268
0.5207317073170732
0.4390946502057613
0.5199186991869919
0.43991769547325105
0.5195121951219512
0.44074074074074077
0.5195121951219512
0.4419753086419753
0.5186991869918699
0.44279835390946504
0.5182926829268293
0.4440329218106996
0.5178861788617886
0.4448559670781893
0.517479674796748
0.44609053497942386
0.5170731707317073
0.4469135802469136
0.5162601626016261
0.4477366255144033
0.5158536585365854
0.44897119341563785
0.5150406504065042
0.44979423868312757
0.5142276422764228
0.4510288065843622
0.5134146341463415
0.45185185185185184
0.5126016260162601
0.45308641975308644
0.5117886178861788
0.45390946502057616
0.5109756097560976
0.4547325102880658
0.5101626016260163
0.45596707818930043
0.5089430894308943
0.45679012345679015
0.508130081300813
0.4580246913580247
0.506910569105691
0.4588477366255144
0.5060975609756098
0.460082304526749
0.5044715447154472
0.4609053497942387
0.5036585365853659
0.4617283950617284
0.5028455284552845
0.46296296296296297
0.501219512195122
0.4637860082304527
0.5004065040650407
0.46502057613168724
0.49878048780487805
0.46584362139917695
0.4979674796747967
0.46707818930041156
0.49634146341463414
0.4679012345679012
0.4951219512195122
0.46872427983539094
0.4943089430894309
0.46995884773662555
0.4926829268292683
0.4707818930041152
0.49146341463414633
0.47201646090534977
0.48983739837398377
0.47283950617283954
0.48902439024390243
0.4740740740740741
0.48739837398373986
0.47489711934156376
0.4861788617886179
0.47572016460905353
0.48495934959349596
0.4769547325102881
0.48333333333333334
0.4777777777777778
0.48211382113821144
0.47901234567901235
0.48008130081300815
0.47983539094650207
0.4792682926829268
0.4810699588477366
0.47723577235772363
0.48189300411522634
0.4760162601626016
0.48271604938271606
0.47479674796747967
0.4839506172839506
0.4731707317073171
0.48477366255144033
0.4715447154471545
0.48600823045267494
0.46991869918699186
0.4868312757201646
0.4682926829268293
0.48806584362139915
0.46626016260162606
0.48888888888888893
0.46504065040650405
0.4901234567901235
0.4630081300813008
0.49094650205761314
0.46138211382113825
0.4917695473251029
0.4597560975609756
0.49300411522633747
0.45731707317073167
0.49382716049382713
0.4556910569105691
0.49506172839506174
0.4528455284552846
0.49588477366255146
0.45121951219512196
0.497119341563786
0.4483739837398374
0.49794238683127573
0.4467479674796748
0.49876543209876545
0.44471544715447153
0.5
0.44146341463414634
0.5008230452674898
0.4394308943089431
0.5020576131687243
0.43658536585365854
0.502880658436214
0.4345528455284553
0.5041152263374485
0.43130081300813006
0.5049382716049383
0.4292682926829268
0.505761316872428
0.4268292682926829
0.5069958847736625
0.42357723577235773
0.5078189300411523
0.4211382113821138
0.5090534979423869
0.41747967479674797
0.5098765432098765
0.41504065040650406
0.5111111111111111
0.4105691056910569
0.5119341563786008
0.40772357723577235
0.5127572016460905
0.40487804878048783
0.5139917695473251
0.4
0.5148148148148148
0.3967479674796748
0.5160493827160494
0.39146341463414636
0.516872427983539
0.3878048780487805
0.5181069958847737
0.382520325203252
0.5189300411522634
0.37886178861788616
0.519753086419753
0.3752032520325203
0.5209876543209877
0.3699186991869919
0.5218106995884774
0.36666666666666664
0.5230452674897119
0.36097560975609755
0.5238683127572017
0.35772357723577236
0.5251028806584361
0.35203252032520327
0.5259259259259259
0.34796747967479674
0.5267489711934157
0.3439024390243902
0.5279835390946502
0.33780487804878045
0.5288065843621399
0.333739837398374
0.5300411522633744
0.32723577235772355
0.5308641975308642
0.3227642276422764
0.5320987654320988
0.31504065040650403
0.5329218106995884
0.30934959349593494
0.5337448559670782
0.3024390243902439
