0.7097035040431267
11.924433249370278
0.719811320754717
11.743073047858942
0.7299191374663072
11.561712846347607
0.7396226415094339
11.380352644836272
0.7497304582210242
11.198992443324936
0.7598382749326145
10.997481108312343
0.7699460916442048
10.775818639798489
0.7796495956873315
10.554156171284635
0.7897574123989218
10.33249370277078
0.799865229110512
10.090680100755668
0.8099730458221024
9.848866498740554
0.8196765498652291
9.60705289672544
0.8297843665768194
9.365239294710328
0.8398921832884096
9.103274559193954
0.8495956873315363
8.861460957178842
0.8597035040431267
8.599496221662468
0.8698113207547169
8.337531486146096
0.8799191374663072
8.055415617128464
0.8896226415094339
7.81360201511335
