0.7097035040431267
29.007556675062972
0.719811320754717
28.72544080604534
0.7299191374663072
28.403022670025187
0.7396226415094339
28.08060453400504
0.7497304582210242
27.697732997481108
0.7598382749326145
27.31486146095718
0.7699460916442048
26.89168765743073
0.7796495956873315
26.488664987405542
0.7897574123989218
26.045340050377835
0.799865229110512
25.581863979848865
0.8099730458221024
25.1183879093199
0.8196765498652291
24.675062972292192
0.8297843665768194
24.191435768261965
0.8398921832884096
23.707808564231737
0.8495956873315363
23.24433249370277
0.8597035040431267
22.740554156171285
0.8698113207547169
22.216624685138537
0.8799191374663072
21.71284634760705
0.8896226415094339
21.188916876574307
