0.40167785234899334
0.5183391003460207
0.4026845637583893
0.5183391003460207
0.40369127516778525
0.5186851211072665
0.40469798657718126
0.5186851211072665
0.4057046979865772
0.5186851211072665
0.40671140939597317
0.5186851211072665
0.4077181208053691
0.5186851211072665
0.40872483221476513
0.5186851211072665
0.4097315436241611
0.5186851211072665
0.41073825503355704
0.5186851211072665
0.41174496644295305
0.5183391003460207
0.412751677852349
0.5183391003460207
0.41375838926174496
0.5179930795847751
0.414765100671141
0.5179930795847751
0.41577181208053693
0.5176470588235293
0.4167785234899329
0.5176470588235293
0.4177852348993289
0.5173010380622838
0.41879194630872485
0.5169550173010381
0.4197986577181208
0.5166089965397924
0.4208053691275168
0.5166089965397924
0.42181208053691277
0.5162629757785467
0.4228187919463087
0.5159169550173011
0.42382550335570474
0.5155709342560554
0.4248322147651007
0.5152249134948097
0.42583892617449665
0.514878892733564
0.42684563758389266
0.514878892733564
0.4278523489932886
0.5145328719723183
0.42885906040268457
0.5141868512110727
0.4298657718120806
0.513840830449827
0.43087248322147653
0.5134948096885813
0.4318791946308725
0.5131487889273356
0.4328859060402685
0.5124567474048443
0.43389261744966445
0.5121107266435986
0.4348993288590604
0.5117647058823529
0.4359060402684564
0.5114186851211072
0.4369127516778524
0.5110726643598617
0.43791946308724833
0.5103806228373703
0.4389261744966443
0.5100346020761246
0.4399328859060403
0.5096885813148789
0.44093959731543625
0.5089965397923876
0.4419463087248322
0.5083044982698962
0.4429530201342282
0.5072664359861592
0.44395973154362417
0.5065743944636678
0.4449664429530201
0.5055363321799308
0.44597315436241614
0.5044982698961937
0.4469798657718121
0.5034602076124568
0.44798657718120805
0.5024221453287198
0.44899328859060406
0.501038062283737
0.45
0.5
0.4506711409395973
0.49930795847750864
0.4516778523489933
0.4982698961937716
0.4526845637583893
0.49723183391003456
0.45369127516778524
0.49584775086505195
0.4546979865771812
0.4948096885813149
0.4557046979865772
0.4934256055363322
0.45671140939597316
0.49238754325259515
0.4577181208053691
0.49100346020761243
0.4587248322147651
0.48961937716262977
0.4597315436241611
0.48823529411764705
0.46073825503355703
0.4868512110726644
0.46174496644295304
0.48546712802768166
0.462751677852349
0.48408304498269894
0.46375838926174495
0.48235294117647054
0.46476510067114096
0.48062283737024225
0.4657718120805369
0.47889273356401385
0.4667785234899329
0.47716262975778545
0.4677852348993289
0.4754325259515571
0.46879194630872484
0.4737024221453287
0.4697986577181208
0.47197231833910036
0.4708053691275168
0.4698961937716263
0.47181208053691276
0.4681660899653979
0.4728187919463087
0.4664359861591696
0.4738255033557047
0.4643598615916955
0.4748322147651007
0.4629757785467128
0.47583892617449663
0.4602076124567474
0.47684563758389265
0.4577854671280277
0.4778523489932886
0.45536332179930794
0.47885906040268456
0.45294117647058824
0.47986577181208057
0.45051903114186853
0.4808724832214765
0.44809688581314877
0.4818791946308725
0.44567474048442907
0.4828859060402685
0.4429065743944637
0.48389261744966444
0.4404844290657439
0.4848993288590604
0.43771626297577854
0.4859060402684564
0.43494809688581315
0.48691275167785236
0.4321799307958477
0.4879194630872483
0.4294117647058824
0.48892617449664433
0.4259515570934256
0.4899328859060403
0.42249134948096884
0.49093959731543624
0.4190311418685121
0.49194630872483225
0.414878892733564
0.4929530201342282
0.41072664359861594
0.49395973154362416
0.4072664359861592
0.49496644295302017
0.4031141868512111
0.4959731543624161
0.39930795847750866
0.4969798657718121
0.3948096885813149
0.4979865771812081
0.39065743944636677
0.49899328859060404
0.38650519031141867
0.5
0.38166089965397926
0.5006711409395973
0.37854671280276814
0.5016778523489933
0.3737024221453287
0.5026845637583892
0.3685121107266436
0.5036912751677852
0.3633217993079585
0.5046979865771812
0.35847750865051903
0.5057046979865771
0.35363321799307956
0.5067114093959731
0.34878892733564015
0.5077181208053692
0.3439446366782007
0.508724832214765
0.33875432525951554
0.5097315436241611
0.33391003460207613
0.5107382550335571
0.328719723183391
0.511744966442953
0.32352941176470584
0.512751677852349
0.3176470588235294
0.513758389261745
0.3110726643598616
0.5147651006711409
0.3041522491349481
