0.6
29.746203904555315
0.6095823095823095
29.72885032537961
0.6199017199017198
29.6941431670282
0.6294840294840295
29.676789587852497
0.6398034398034398
29.642082429501087
0.6493857493857493
29.607375271149674
0.6597051597051596
29.59002169197397
0.6692874692874693
29.55531453362256
0.6796068796068796
29.503253796095443
0.6899262899262899
29.468546637744033
0.6995085995085994
29.433839479392624
0.7098280098280099
29.38177874186551
0.7194103194103194
29.329718004338396
0.7297297297297297
29.295010845986987
0.7393120393120393
29.242950108459873
0.7496314496314496
29.190889370932755
0.75995085995086
29.13882863340564
0.7695331695331695
29.086767895878523
0.7798525798525798
29.017353579175705
0.7894348894348895
28.96529284164859
0.7997542997542997
28.913232104121477
0.8093366093366093
28.86117136659436
0.8196560196560196
28.79175704989154
0.82997542997543
28.722342733188718
0.8395577395577396
28.670281995661604
0.8498771498771498
28.600867678958785
0.8594594594594595
28.531453362255967
0.8697788697788698
28.462039045553144
0.8793611793611793
28.40997830802603
0.8896805896805897
28.34056399132321
0.8999999999999999
28.253796095444685
0.9095823095823096
28.20173535791757
0.9199017199017199
28.114967462039047
0.9294840294840294
28.06290672451193
0.9398034398034398
27.976138828633406
0.9493857493857494
27.906724511930584
0.9597051597051597
27.837310195227765
0.9692874692874693
27.767895878524946
0.9796068796068796
27.698481561822128
0.98992628992629
27.629067245119305
0.9995085995085995
27.559652928416487
