0.398812351543943
0.8860520094562648
0.4
0.8881796690307329
0.40095011876484565
0.8898345153664303
0.40190023752969123
0.8912529550827424
0.40285035629453686
0.8929078014184397
0.40380047505938244
0.8945626477541372
0.40498812351543945
0.8964539007092199
0.4059382422802851
0.8981087470449173
0.40688836104513065
0.8997635933806147
0.4078384798099763
0.9011820330969267
0.40878859857482186
0.9028368794326241
0.40997624703087887
0.9047281323877069
0.4109263657957245
0.9063829787234042
0.4118764845605701
0.9078014184397163
0.4128266033254157
0.9094562647754137
0.4140142517814727
0.9113475177304965
0.4149643705463183
0.9127659574468086
0.4159144893111639
0.9141843971631206
0.4168646080760095
0.9156028368794327
0.41781472684085513
0.9170212765957447
0.41900237529691214
0.9186761229314421
0.4199524940617577
0.9198581560283688
0.42090261282660335
0.9212765957446809
0.4218527315914489
0.9224586288416076
0.42280285035629456
0.9236406619385343
0.42399049881235157
0.9250591016548464
0.42494061757719714
0.9260047281323878
0.4258907363420428
0.9269503546099291
0.4268408551068884
0.9281323877068558
0.427790973871734
0.9290780141843972
0.428978622327791
0.9300236406619385
0.42992874109263657
0.9309692671394799
0.4308788598574822
0.9319148936170213
0.43182897862232783
0.9328605200945627
0.43301662707838484
0.933806146572104
0.4339667458432304
0.9347517730496454
0.43491686460807605
0.9354609929078015
0.4358669833729216
0.9361702127659575
0.43681710213776725
0.9366430260047282
0.43800475059382427
0.9375886524822695
0.43895486935866984
0.9380614657210402
0.4399049881235155
0.9385342789598109
0.44085510688836105
0.9390070921985816
0.4418052256532067
0.9394799054373523
0.4429928741092637
0.939952718676123
0.44394299287410927
0.9404255319148936
0.4448931116389549
0.9406619385342789
0.4458432304038005
0.9408983451536643
0.4467933491686461
0.9411347517730497
0.4479809976247031
0.9411347517730497
0.4489311163895487
0.941371158392435
0.4498812351543943
0.9416075650118203
0.4508313539192399
0.9416075650118203
0.4520190023752969
0.9416075650118203
0.45296912114014254
0.9418439716312057
0.4539192399049881
0.9418439716312057
0.45486935866983375
0.9418439716312057
0.4558194774346793
0.9416075650118203
0.45700712589073633
0.9416075650118203
0.45795724465558196
0.9416075650118203
0.4589073634204276
0.9416075650118203
0.45985748218527317
0.941371158392435
0.4608076009501188
0.941371158392435
0.46199524940617576
0.9411347517730497
0.4629453681710214
0.9408983451536643
0.463895486935867
0.9406619385342789
0.4648456057007126
0.9404255319148936
0.46579572446555817
0.939952718676123
0.4669833729216152
0.9394799054373523
0.4679334916864608
0.9390070921985816
0.46888361045130644
0.9387706855791962
0.469833729216152
0.9382978723404256
0.47102137767220903
0.9375886524822695
0.4719714964370546
0.9371158392434988
0.47292161520190024
0.9366430260047282
0.47387173396674587
0.9359338061465721
0.47482185273159144
0.9354609929078015
0.47600950118764845
0.9345153664302601
0.4769596199524941
0.933806146572104
0.47790973871733966
0.933096926713948
0.4788598574821853
0.932387706855792
0.47980997624703087
0.9314420803782506
0.4809976247030879
0.9304964539007092
0.4819477434679335
0.9295508274231679
0.4828978622327791
0.9286052009456265
0.4838479809976247
0.9274231678486997
0.4847980997624703
0.926241134751773
0.4859857482185273
0.924822695035461
0.48693586698337293
0.9236406619385343
0.4878859857482185
0.9217494089834516
0.48883610451306414
0.9200945626477541
0.49002375296912115
0.9177304964539007
0.4909738717339668
0.915839243498818
0.49192399049881236
0.9137115839243499
0.49287410926365793
0.9118203309692672
0.49382422802850356
0.909692671394799
0.4950118764845606
0.9070921985815603
0.4959619952494062
0.9047281323877069
0.4969121140142518
0.9023640661938535
0.4978622327790974
0.8997635933806147
0.498812351543943
0.8969267139479906
0.5
0.8933806146572104
0.5009501187648456
0.890307328605201
0.5019002375296913
0.8869976359338062
0.5028503562945368
0.883451536643026
0.5038004750593824
0.8796690307328605
0.5049881235154394
0.8747044917257684
0.505938242280285
0.8704491725768322
0.5068883610451307
0.8664302600472813
0.5078384798099762
0.8619385342789598
0.5087885985748218
0.8567375886524823
0.5099762470308788
0.8501182033096927
0.5109263657957245
0.8442080378250592
0.5118764845605701
0.8375886524822695
0.5128266033254156
0.830260047281324
0.5140142517814726
0.8191489361702128
0.5149643705463183
0.8085106382978724
0.5159144893111639
0.7969267139479906
