0.4169960474308301
0.899
0.4179841897233202
0.8998
0.4189723320158103
0.9004
0.4199604743083004
0.9012
0.4209486166007905
0.902
0.42193675889328064
0.9026000000000001
0.42292490118577075
0.9034
0.42391304347826086
0.904
0.424901185770751
0.9048
0.42588932806324115
0.9054
0.42687747035573126
0.9062
0.42786561264822137
0.9068
0.4288537549407115
0.9076000000000001
0.4298418972332016
0.9082
0.4308300395256917
0.9088
0.4318181818181818
0.9096000000000001
0.43280632411067194
0.9102
0.43399209486166007
0.911
0.43498023715415024
0.9116000000000001
0.43596837944664035
0.9122
0.43695652173913047
0.9128000000000001
0.4379446640316206
0.9134
0.4389328063241107
0.914
0.4399209486166008
0.9146000000000001
0.4409090909090909
0.915
0.44189723320158103
0.9156000000000001
0.44288537549407114
0.9162
0.44387351778656126
0.9168000000000001
0.44486166007905137
0.9172
0.4458498023715415
0.9178000000000001
0.44683794466403165
0.9184
0.44782608695652176
0.9188000000000001
0.4488142292490119
0.9194
0.45
0.92
0.4509881422924901
0.9204
0.45197628458498024
0.921
0.45296442687747035
0.9214
0.45395256916996046
0.9218000000000001
0.45494071146245063
0.9224
0.45592885375494074
0.9228000000000001
0.45691699604743086
0.9232
0.45790513833992097
0.9236000000000001
0.4588932806324111
0.924
0.4598814229249012
0.9244
0.4608695652173913
0.9248000000000001
0.4618577075098814
0.9254
0.46284584980237153
0.9258000000000001
0.46383399209486165
0.926
0.46482213438735176
0.9264
0.4658102766798419
0.9268000000000001
0.46699604743083
0.9272
0.4679841897233202
0.9276000000000001
0.4689723320158103
0.928
0.4699604743083004
0.9284
0.4709486166007905
0.9286000000000001
0.47193675889328063
0.929
0.47292490118577074
0.9294
0.47391304347826085
0.9296000000000001
0.474901185770751
0.93
0.47588932806324113
0.9302
0.47687747035573125
0.9306000000000001
0.47786561264822136
0.9308000000000001
0.4788537549407115
0.931
0.4798418972332016
0.9312
0.4808300395256917
0.9316000000000001
0.4818181818181818
0.9318000000000001
0.4828063241106719
0.932
0.48399209486166006
0.9322
0.4849802371541502
0.9326000000000001
0.48596837944664034
0.9328000000000001
0.4869565217391304
0.933
0.48794466403162057
0.9332
0.4889328063241107
0.9334
0.4899209486166008
0.9336
0.4909090909090909
0.9338000000000001
0.491897233201581
0.9338000000000001
0.49288537549407113
0.934
0.49387351778656124
0.9342
0.4948616600790514
0.9344
0.4958498023715415
0.9346000000000001
0.49683794466403164
0.9348000000000001
0.49782608695652175
0.9348000000000001
0.49881422924901186
0.9348000000000001
0.5
0.935
0.5009881422924901
0.935
0.5019762845849802
0.9352
0.5029644268774703
0.9352
0.5039525691699605
0.9352
0.5049407114624506
0.9354
0.5059288537549407
0.9354
0.5069169960474308
0.9354
0.5079051383399209
0.9354
0.508893280632411
0.9354
0.5098814229249011
0.9354
0.5108695652173914
0.9354
0.5118577075098815
0.9354
0.5128458498023716
0.9352
0.5138339920948617
0.9352
0.5148221343873518
0.935
0.5158102766798419
0.935
0.51699604743083
0.9348000000000001
0.5179841897233202
0.9346000000000001
0.5189723320158103
0.9344
0.5199604743083004
0.9342
0.5209486166007905
0.934
0.5219367588932806
0.9338000000000001
0.5229249011857707
0.9336
0.5239130434782608
0.9334
0.524901185770751
0.9332
0.5258893280632411
0.9328000000000001
0.5268774703557312
0.9326000000000001
0.5278656126482213
0.9324
0.5288537549407115
0.932
0.5298418972332015
0.9318000000000001
0.5308300395256917
0.9316000000000001
0.5318181818181817
0.9312
0.532806324110672
0.931
0.5339920948616601
0.9304
0.5349802371541502
0.9302
0.5359683794466403
0.9298000000000001
0.5369565217391304
0.9294
0.5379446640316206
0.929
0.5389328063241107
0.9286000000000001
0.5399209486166008
0.9282
0.5409090909090909
0.9278000000000001
0.541897233201581
0.9274
0.5428853754940711
0.927
0.5438735177865612
0.9264
0.5448616600790513
0.926
0.5458498023715415
0.9256000000000001
0.5468379446640316
0.9252
0.5478260869565217
0.9246000000000001
0.5488142292490119
0.9242
0.55
0.9236000000000001
0.55098814229249
0.923
0.5519762845849803
0.9224
0.5529644268774704
0.922
0.5539525691699605
0.9214
0.5549407114624505
0.9208000000000001
0.5559288537549407
0.9202
0.5569169960474308
0.9196000000000001
0.557905138339921
0.919
0.5588932806324111
0.9184
0.5598814229249012
0.9178000000000001
0.5608695652173913
0.9172
0.5618577075098814
0.9164
0.5628458498023715
0.9158000000000001
0.5638339920948616
0.915
0.5648221343873517
0.9144
0.5658102766798419
0.9136000000000001
0.56699604743083
0.9128000000000001
0.5679841897233201
0.9122
0.5689723320158102
0.9114
0.5699604743083004
0.9108
0.5709486166007904
0.91
0.5719367588932807
0.9094
0.5729249011857707
0.9086000000000001
0.5739130434782609
0.9078
0.574901185770751
0.907
0.5758893280632411
0.9062
0.5768774703557312
0.9056000000000001
0.5778656126482213
0.9046000000000001
0.5788537549407115
0.9038
0.5798418972332016
0.903
0.5808300395256917
0.9022
0.5818181818181818
0.9014
0.5828063241106719
0.9004
0.58399209486166
0.8994
0.5849802371541502
0.8986000000000001
0.5859683794466403
0.8976000000000001
0.5869565217391304
0.8966000000000001
0.5879446640316205
0.8956000000000001
0.5889328063241106
0.8948
0.5899209486166007
0.8938
0.5909090909090908
0.8928
0.591897233201581
0.8918
0.5928853754940712
0.8908
0.5938735177865613
0.8898
0.5948616600790513
0.8888
