0.6
12.296137339055793
0.6096209912536443
12.296137339055793
0.6192419825072886
12.296137339055793
0.629737609329446
12.296137339055793
0.6393586005830904
12.296137339055793
0.6498542274052478
12.317596566523605
0.6594752186588921
12.317596566523605
0.6699708454810496
12.317596566523605
0.6795918367346938
12.317596566523605
0.6892128279883382
12.317596566523605
0.6997084548104956
12.317596566523605
0.70932944606414
12.317596566523605
0.7198250728862974
12.317596566523605
0.7294460641399416
12.317596566523605
0.7399416909620992
12.317596566523605
0.7495626822157434
12.339055793991417
0.7591836734693878
12.339055793991417
0.7696793002915452
12.339055793991417
0.7793002915451895
12.339055793991417
0.789795918367347
12.339055793991417
0.7994169096209912
12.339055793991417
0.8099125364431486
12.339055793991417
0.819533527696793
12.339055793991417
0.8291545189504373
12.339055793991417
0.8396501457725948
12.339055793991417
0.8492711370262391
12.360515021459229
0.8597667638483966
12.360515021459229
0.8693877551020408
12.360515021459229
0.8798833819241982
12.360515021459229
0.8895043731778426
12.360515021459229
0.8991253644314869
12.360515021459229
0.9096209912536444
12.360515021459229
0.9192419825072886
12.360515021459229
0.929737609329446
12.360515021459229
0.9393586005830904
12.360515021459229
0.9498542274052478
12.381974248927039
0.9594752186588922
12.381974248927039
0.9699708454810496
12.381974248927039
0.9795918367346939
12.381974248927039
0.9892128279883382
12.381974248927039
