0.6
11.373390557939913
0.6096209912536443
11.373390557939913
0.6192419825072886
11.373390557939913
0.629737609329446
11.373390557939913
0.6393586005830904
11.394849785407725
0.6498542274052478
11.394849785407725
0.6594752186588921
11.394849785407725
0.6699708454810496
11.394849785407725
0.6795918367346938
11.394849785407725
0.6892128279883382
11.394849785407725
0.6997084548104956
11.394849785407725
0.70932944606414
11.394849785407725
0.7198250728862974
11.416309012875537
0.7294460641399416
11.416309012875537
0.7399416909620992
11.416309012875537
0.7495626822157434
11.416309012875537
0.7591836734693878
11.416309012875537
0.7696793002915452
11.416309012875537
0.7793002915451895
11.416309012875537
0.789795918367347
11.416309012875537
0.7994169096209912
11.437768240343347
0.8099125364431486
11.437768240343347
0.819533527696793
11.437768240343347
0.8291545189504373
11.437768240343347
0.8396501457725948
11.437768240343347
0.8492711370262391
11.437768240343347
0.8597667638483966
11.437768240343347
0.8693877551020408
11.437768240343347
0.8798833819241982
11.459227467811157
0.8895043731778426
11.459227467811157
0.8991253644314869
11.459227467811157
0.9096209912536444
11.459227467811157
0.9192419825072886
11.459227467811157
0.929737609329446
11.459227467811157
0.9393586005830904
11.459227467811157
0.9498542274052478
11.459227467811157
0.9594752186588922
11.48068669527897
0.9699708454810496
11.48068669527897
0.9795918367346939
11.48068669527897
0.9892128279883382
11.48068669527897
