0.6096209912536443
28.211206896551722
0.6192419825072886
27.995689655172413
0.629737609329446
27.73706896551724
0.6393586005830904
27.52155172413793
0.6498542274052478
27.262931034482758
0.6594752186588921
27.025862068965516
0.6699708454810496
26.745689655172413
0.6795918367346938
26.50862068965517
0.6892128279883382
26.25
0.6997084548104956
25.969827586206897
0.70932944606414
25.689655172413794
0.7198250728862974
25.40948275862069
0.7294460641399416
25.129310344827587
0.7399416909620992
24.82758620689655
0.7495626822157434
24.54741379310345
0.7591836734693878
24.267241379310345
0.7696793002915452
23.96551724137931
0.7793002915451895
23.663793103448278
0.789795918367347
23.34051724137931
0.7994169096209912
23.038793103448278
0.8099125364431486
22.71551724137931
0.819533527696793
22.392241379310345
0.8291545189504373
22.04741379310345
0.8396501457725948
21.65948275862069
0.8492711370262391
21.357758620689655
0.8597667638483966
21.012931034482758
0.8693877551020408
20.711206896551722
0.8798833819241982
20.387931034482758
0.8895043731778426
20.086206896551722
0.8991253644314869
19.80603448275862
0.9096209912536444
19.482758620689655
0.9192419825072886
19.20258620689655
0.929737609329446
18.879310344827587
0.9393586005830904
18.620689655172413
0.9498542274052478
18.31896551724138
0.9594752186588922
18.038793103448278
0.9699708454810496
17.758620689655174
0.9795918367346939
17.5
0.9892128279883382
17.262931034482758
