0.4187393526405452
0.6758620689655173
0.41976149914821126
0.6755172413793102
0.42078364565587734
0.6751724137931034
0.42180579216354347
0.6748275862068965
0.42282793867120955
0.6744827586206896
0.4238500851788757
0.6741379310344827
0.42487223168654176
0.6737931034482758
0.42589437819420783
0.6734482758620689
0.42691652470187397
0.673103448275862
0.42793867120954004
0.6727586206896552
0.4289608177172062
0.6724137931034482
0.42998296422487225
0.6717241379310345
0.43066439522998295
0.6717241379310345
0.4316865417376491
0.6710344827586207
0.43270868824531517
0.6706896551724137
0.4337308347529813
0.6703448275862068
0.4347529812606474
0.6699999999999999
0.43577512776831345
0.6696551724137931
0.4367972742759796
0.6689655172413793
0.43781942078364566
0.6686206896551724
0.43884156729131174
0.6682758620689655
0.4398637137989779
0.6675862068965517
0.44088586030664395
0.6672413793103448
0.4419080068143101
0.6668965517241379
0.44293015332197616
0.666206896551724
0.44395229982964224
0.6658620689655173
0.44497444633730837
0.6651724137931034
0.44599659284497445
0.6648275862068965
0.4466780238500852
0.6644827586206896
0.4477001703577513
0.6637931034482758
0.4487223168654174
0.663448275862069
0.4497444633730835
0.6627586206896552
0.45076660988074957
0.6620689655172414
0.4517887563884157
0.6617241379310345
0.4528109028960818
0.6610344827586206
0.4538330494037479
0.6603448275862069
0.454855195911414
0.6599999999999999
0.45587734241908007
0.6593103448275862
0.4568994889267462
0.6586206896551724
0.4579216354344123
0.6582758620689655
0.45894378194207835
0.6575862068965517
0.4599659284497445
0.6568965517241379
0.46098807495741057
0.656206896551724
0.4616695059625213
0.6558620689655172
0.4626916524701874
0.6551724137931034
0.4637137989778535
0.6544827586206896
0.4647359454855196
0.6541379310344827
0.4657580919931857
0.653448275862069
0.4667802385008518
0.6527586206896552
0.4678023850085179
0.6520689655172414
0.468824531516184
0.6513793103448275
0.4698466780238501
0.6506896551724137
0.4708688245315162
0.6499999999999999
0.4718909710391823
0.6496551724137931
0.4729131175468484
0.6489655172413793
0.47393526405451447
0.6482758620689655
0.4749574105621806
0.6475862068965517
0.4759795570698467
0.6468965517241378
0.47666098807495744
0.646551724137931
0.4776831345826235
0.6458620689655172
0.4787052810902896
0.6451724137931034
0.4797274275979557
0.6444827586206896
0.4807495741056218
0.6437931034482758
0.48177172061328793
0.643103448275862
0.482793867120954
0.6424137931034483
0.4838160136286201
0.6417241379310344
0.4848381601362862
0.6410344827586206
0.4858603066439523
0.6403448275862069
0.4868824531516184
0.6396551724137931
0.4879045996592845
0.6389655172413793
0.4889267461669506
0.6382758620689655
0.4899488926746167
0.6375862068965517
0.4909710391822828
0.6368965517241378
0.4919931856899489
0.6358620689655172
0.49267461669505963
0.6355172413793103
0.4936967632027257
0.6348275862068965
0.49471890971039184
0.6341379310344828
0.4957410562180579
0.6331034482758621
0.49676320272572405
0.6324137931034483
0.49778534923339013
0.6317241379310344
0.4988074957410562
0.6306896551724137
0.49982964224872234
0.6296551724137931
0.5008517887563885
0.6282758620689655
0.5018739352640545
0.6268965517241379
0.5028960817717206
0.6255172413793103
0.5039182282793867
0.6241379310344828
0.5049403747870528
0.6227586206896552
0.505962521294719
0.6213793103448275
0.506984667802385
0.62
0.5076660988074957
0.6193103448275862
0.5086882453151619
0.6179310344827587
0.509710391822828
0.6162068965517241
0.510732538330494
0.6148275862068966
0.5117546848381601
0.613448275862069
0.5127768313458262
0.6117241379310344
0.5137989778534924
0.6103448275862069
0.5148211243611585
0.6086206896551724
0.5158432708688245
0.6068965517241379
0.5168654173764906
0.6051724137931034
0.5178875638841567
0.603448275862069
0.5189097103918229
0.6013793103448276
0.519931856899489
0.5993103448275862
0.520954003407155
0.5975862068965517
0.5219761499148211
0.5951724137931034
0.5229982964224872
0.593103448275862
0.5236797274275979
0.5913793103448276
0.524701873935264
0.5893103448275862
0.5257240204429301
0.586551724137931
0.5267461669505963
0.5841379310344827
0.5277683134582624
0.5813793103448276
0.5287904599659284
0.5786206896551724
0.5298126064735945
0.5758620689655172
0.5308347529812607
0.573103448275862
0.5318568994889268
0.5703448275862069
0.5328790459965929
0.5668965517241379
0.5339011925042589
0.5637931034482758
0.534923339011925
0.5606896551724138
0.5359454855195911
0.5572413793103448
0.5369676320272573
0.5541379310344827
0.5379897785349234
0.5503448275862068
0.5386712095400341
0.5482758620689655
0.5396933560477002
0.5444827586206896
0.5407155025553663
0.5406896551724137
0.5417376490630323
0.5365517241379311
0.5427597955706984
0.5320689655172414
0.5437819420783646
0.5275862068965517
0.5448040885860307
0.5227586206896552
0.5458262350936968
0.5179310344827586
0.5468483816013628
0.5141379310344828
0.5478705281090289
0.5103448275862069
0.5488926746166951
0.5058620689655172
0.5499148211243612
0.5003448275862069
