0.6096209912536443
29.331896551724135
0.6192419825072886
29.331896551724135
0.629737609329446
29.331896551724135
0.6393586005830904
29.331896551724135
0.6498542274052478
29.331896551724135
0.6594752186588921
29.331896551724135
0.6699708454810496
29.331896551724135
0.6795918367346938
29.310344827586206
0.6892128279883382
29.310344827586206
0.6997084548104956
29.310344827586206
0.70932944606414
29.310344827586206
0.7198250728862974
29.310344827586206
0.7294460641399416
29.310344827586206
0.7399416909620992
29.310344827586206
0.7495626822157434
29.310344827586206
0.7591836734693878
29.310344827586206
0.7696793002915452
29.310344827586206
0.7793002915451895
29.310344827586206
0.789795918367347
29.310344827586206
0.7994169096209912
29.310344827586206
0.8099125364431486
29.288793103448278
0.819533527696793
29.288793103448278
0.8291545189504373
29.288793103448278
0.8396501457725948
29.288793103448278
0.8492711370262391
29.288793103448278
0.8597667638483966
29.288793103448278
0.8693877551020408
29.288793103448278
0.8798833819241982
29.288793103448278
0.8895043731778426
29.288793103448278
0.8991253644314869
29.288793103448278
0.9096209912536444
29.288793103448278
0.9192419825072886
29.288793103448278
0.929737609329446
29.288793103448278
0.9393586005830904
29.26724137931034
0.9498542274052478
29.26724137931034
0.9594752186588922
29.26724137931034
0.9699708454810496
29.26724137931034
0.9795918367346939
29.26724137931034
0.9892128279883382
29.26724137931034
0.9997084548104956
29.26724137931034
