0.6096209912536443
11.266094420600858
0.6192419825072886
11.158798283261802
0.629737609329446
11.030042918454935
0.6393586005830904
10.92274678111588
0.6498542274052478
10.793991416309012
0.6594752186588921
10.686695278969957
0.6699708454810496
10.55793991416309
0.6795918367346938
10.450643776824034
0.6892128279883382
10.321888412017167
0.6997084548104956
10.214592274678111
0.70932944606414
10.085836909871244
0.7198250728862974
9.978540772532188
0.7294460641399416
9.84978540772532
0.7399416909620992
9.742489270386265
0.7495626822157434
9.613733905579398
0.7591836734693878
9.506437768240342
0.7696793002915452
9.377682403433477
0.7793002915451895
9.27038626609442
0.789795918367347
9.141630901287554
0.7994169096209912
9.034334763948497
0.8099125364431486
8.905579399141631
0.819533527696793
8.798283261802576
0.8291545189504373
8.690987124463518
0.8396501457725948
8.562231759656653
0.8492711370262391
8.454935622317596
0.8597667638483966
8.32618025751073
0.8693877551020408
8.218884120171673
0.8798833819241982
8.090128755364807
0.8895043731778426
7.982832618025752
0.8991253644314869
7.854077253218884
0.9096209912536444
7.746781115879829
0.9192419825072886
7.618025751072961
0.929737609329446
7.510729613733906
0.9393586005830904
7.381974248927039
0.9498542274052478
7.253218884120171
0.9594752186588922
7.145922746781116
0.9699708454810496
7.017167381974248
0.9795918367346939
6.909871244635193
0.9892128279883382
6.781115879828326
