0.509090909090909
35.483870967741936
0.5194805194805194
34.96774193548387
0.5298701298701298
34.516129032258064
0.538961038961039
34.064516129032256
0.5493506493506494
33.54838709677419
0.5597402597402598
33.03225806451613
0.5688311688311688
32.58064516129032
0.5792207792207792
32.064516129032256
0.5896103896103896
31.548387096774192
0.6
31.096774193548388
0.6090909090909091
30.645161290322584
0.6194805194805195
30.193548387096776
0.6298701298701299
29.67741935483871
0.638961038961039
29.29032258064516
0.6493506493506493
28.838709677419356
0.6597402597402597
28.38709677419355
0.6688311688311688
28.0
0.6792207792207792
27.612903225806452
0.6896103896103896
27.225806451612904
0.7
26.838709677419356
0.7090909090909091
26.516129032258064
0.7194805194805195
26.129032258064516
0.7298701298701299
25.806451612903224
0.7389610389610389
25.483870967741936
0.7493506493506494
25.161290322580644
0.7597402597402597
24.774193548387096
0.7688311688311689
24.516129032258064
0.7792207792207793
24.193548387096776
0.7896103896103897
23.935483870967744
0.8
23.67741935483871
0.8090909090909091
23.483870967741936
0.8194805194805195
23.225806451612904
0.8298701298701299
23.032258064516128
0.8389610389610389
22.838709677419356
0.8493506493506493
22.64516129032258
0.8597402597402597
22.451612903225808
0.8688311688311688
22.322580645161292
0.8792207792207791
22.193548387096776
0.8896103896103895
22.064516129032256
0.9
22.0
0.9090909090909091
21.870967741935484
0.9194805194805196
21.806451612903224
0.92987012987013
21.741935483870968
0.938961038961039
21.741935483870968
0.9493506493506494
21.677419354838708
0.9597402597402598
21.677419354838708
0.9688311688311688
21.741935483870968
0.9792207792207792
21.806451612903224
0.9896103896103896
21.870967741935484
