0.509020618556701
36.25806451612903
0.5193298969072165
35.806451612903224
0.529639175257732
35.354838709677416
0.5399484536082474
34.903225806451616
0.5489690721649485
34.516129032258064
0.5592783505154639
34.064516129032256
0.5695876288659794
33.67741935483871
0.5798969072164949
33.225806451612904
0.5889175257731959
32.83870967741935
0.5992268041237113
32.38709677419355
0.6095360824742269
31.935483870967744
0.6198453608247423
31.548387096774192
0.6288659793814433
31.161290322580648
0.6391752577319587
30.70967741935484
0.6494845360824743
30.258064516129032
0.6597938144329897
29.870967741935484
0.6688144329896908
29.483870967741936
0.6791237113402062
29.032258064516128
0.6894329896907216
28.58064516129032
0.6997422680412371
28.193548387096776
0.7087628865979382
27.806451612903224
0.7190721649484536
27.35483870967742
0.7293814432989691
26.903225806451612
0.7396907216494846
26.516129032258064
0.75
26.064516129032256
0.759020618556701
25.67741935483871
0.7693298969072165
25.225806451612904
0.779639175257732
24.774193548387096
0.7899484536082475
24.258064516129032
0.7989690721649485
23.935483870967744
0.8092783505154639
23.548387096774192
0.8195876288659794
23.161290322580644
0.8298969072164949
22.838709677419356
0.8389175257731959
22.516129032258064
0.8492268041237114
22.193548387096776
0.8595360824742269
21.870967741935484
0.8698453608247423
21.612903225806452
0.8788659793814433
21.419354838709676
0.8891752577319587
21.225806451612904
0.8994845360824743
21.032258064516128
0.9097938144329897
20.903225806451612
0.9188144329896908
20.774193548387096
0.9291237113402062
20.64516129032258
0.9394329896907216
20.580645161290324
0.9497422680412371
20.516129032258064
0.9587628865979382
20.451612903225808
0.9690721649484537
20.516129032258064
0.9793814432989691
20.580645161290324
0.9896907216494846
20.70967741935484
