0.6497797356828193
36.07843137254902
0.660352422907489
36.60130718954248
0.6696035242290749
37.124183006535944
0.6801762114537444
37.77777777777778
0.6894273127753303
38.30065359477124
0.7
38.8235294117647
0.7105726872246696
39.47712418300654
0.7198237885462555
39.869281045751634
0.730396475770925
40.52287581699346
0.7396475770925109
40.91503267973856
0.7502202643171806
41.43790849673203
0.7594713656387665
41.96078431372549
0.7700440528634361
42.48366013071895
0.7806167400881057
42.875816993464056
0.7898678414096916
43.26797385620915
0.8004405286343612
43.790849673202615
0.8096916299559471
44.052287581699346
0.8202643171806168
44.57516339869281
0.8295154185022027
44.83660130718954
0.8400881057268722
45.22875816993464
0.8506607929515418
45.490196078431374
0.8599118942731278
45.751633986928105
0.8704845814977973
46.01307189542484
0.8797356828193832
46.27450980392157
0.8903083700440528
46.5359477124183
0.8995594713656387
46.66666666666667
0.9101321585903084
46.79738562091504
0.9193832599118943
46.79738562091504
0.9299559471365639
46.9281045751634
0.9405286343612335
46.79738562091504
0.9497797356828194
46.79738562091504
0.960352422907489
46.66666666666667
