0.6299559471365638
40.91503267973856
0.6405286343612334
41.43790849673203
0.6497797356828193
41.96078431372549
0.660352422907489
42.48366013071895
0.6696035242290749
43.00653594771242
0.6801762114537444
43.529411764705884
0.6894273127753303
43.92156862745098
0.7
44.44444444444444
0.7105726872246696
44.967320261437905
0.7198237885462555
45.490196078431374
0.730396475770925
45.88235294117647
0.7396475770925109
46.27450980392157
0.7502202643171806
46.79738562091504
0.7594713656387665
47.189542483660134
0.7700440528634361
47.58169934640523
0.7806167400881057
47.97385620915033
0.7898678414096916
48.36601307189542
0.8004405286343612
48.75816993464052
0.8096916299559471
49.01960784313725
0.8202643171806168
49.411764705882355
0.8295154185022027
49.80392156862745
0.8400881057268722
50.19607843137255
0.8506607929515418
50.588235294117645
0.8599118942731278
50.98039215686275
0.8704845814977973
51.50326797385621
0.8797356828193832
51.89542483660131
0.8903083700440528
52.41830065359477
0.8995594713656387
52.810457516339866
0.9101321585903084
53.333333333333336
0.9193832599118943
53.72549019607843
0.9299559471365639
54.248366013071895
0.9405286343612335
54.77124183006536
0.9497797356828194
55.294117647058826
0.960352422907489
55.81699346405229
0.9696035242290749
56.33986928104575
