0.6405286343612334
43.39869281045752
0.6497797356828193
43.790849673202615
0.660352422907489
44.31372549019608
0.6696035242290749
44.83660130718954
0.6801762114537444
45.35947712418301
0.6894273127753303
45.751633986928105
0.7
46.27450980392157
0.7105726872246696
46.79738562091504
0.7198237885462555
47.3202614379085
0.730396475770925
47.84313725490196
0.7396475770925109
48.23529411764706
0.7502202643171806
48.75816993464052
0.7594713656387665
49.28104575163399
0.7700440528634361
49.673202614379086
0.7806167400881057
50.19607843137255
0.7898678414096916
50.588235294117645
0.8004405286343612
51.111111111111114
0.8096916299559471
51.50326797385621
0.8202643171806168
52.02614379084967
0.8295154185022027
52.41830065359477
0.8400881057268722
52.94117647058823
0.8506607929515418
53.333333333333336
0.8599118942731278
53.72549019607843
0.8704845814977973
54.248366013071895
0.8797356828193832
54.64052287581699
0.8903083700440528
55.16339869281046
0.8995594713656387
55.55555555555556
0.9101321585903084
55.947712418300654
0.9193832599118943
56.470588235294116
0.9299559471365639
56.86274509803921
0.9405286343612335
57.38562091503268
0.9497797356828194
57.77777777777778
0.960352422907489
58.16993464052288
