0.6405286343612334
38.95424836601307
0.6497797356828193
39.47712418300654
0.660352422907489
40.0
0.6696035242290749
40.52287581699346
0.6801762114537444
41.04575163398693
0.6894273127753303
41.568627450980394
0.7
42.091503267973856
0.7105726872246696
42.61437908496732
0.7198237885462555
43.00653594771242
0.730396475770925
43.529411764705884
0.7396475770925109
43.92156862745098
0.7502202643171806
44.44444444444444
0.7594713656387665
44.83660130718954
0.7700440528634361
45.35947712418301
0.7806167400881057
45.751633986928105
0.7898678414096916
46.1437908496732
0.8004405286343612
46.5359477124183
0.8096916299559471
46.9281045751634
0.8202643171806168
47.3202614379085
0.8295154185022027
47.58169934640523
0.8400881057268722
47.97385620915033
0.8506607929515418
48.36601307189542
0.8599118942731278
48.627450980392155
0.8704845814977973
49.01960784313725
0.8797356828193832
49.28104575163399
0.8903083700440528
49.673202614379086
0.8995594713656387
49.93464052287582
0.9101321585903084
50.19607843137255
0.9193832599118943
50.45751633986928
0.9299559471365639
50.71895424836602
0.9405286343612335
50.98039215686275
0.9497797356828194
51.24183006535948
0.960352422907489
51.372549019607845
0.9696035242290749
51.63398692810458
0.9801762114537445
51.89542483660131
