0.6302631578947367
5.394736842105263
0.6407894736842105
6.447368421052632
0.6499999999999999
7.368421052631579
0.6605263157894736
8.289473684210526
0.6710526315789473
9.342105263157894
0.6802631578947368
10.263157894736842
0.6907894736842105
11.31578947368421
0.7
12.236842105263158
0.7105263157894737
13.289473684210526
0.7210526315789473
14.210526315789474
0.7302631578947368
15.131578947368421
0.7407894736842104
16.18421052631579
0.75
17.105263157894736
0.7605263157894736
18.157894736842106
0.7710526315789473
19.078947368421055
0.7802631578947368
20.0
0.7907894736842105
21.05263157894737
0.7999999999999999
21.973684210526315
0.8105263157894737
23.026315789473685
0.8210526315789474
23.94736842105263
0.8302631578947368
24.86842105263158
0.8407894736842105
25.92105263157895
0.85
26.842105263157897
0.8605263157894737
27.894736842105264
0.8710526315789473
28.94736842105263
0.8802631578947369
29.73684210526316
0.8907894736842106
30.789473684210527
0.8999999999999999
31.710526315789476
0.9105263157894736
32.76315789473684
0.9210526315789473
33.81578947368421
0.9302631578947368
34.60526315789474
0.9407894736842105
35.65789473684211
0.95
36.578947368421055
0.9605263157894737
37.631578947368425
0.9710526315789474
38.684210526315795
0.9802631578947368
39.60526315789474
0.9907894736842104
40.526315789473685
