0.649814126394052
46.111111111111114
0.6598513011152416
45.27777777777778
0.6698884758364312
44.583333333333336
0.6799256505576208
43.888888888888886
0.6899628252788104
43.333333333333336
0.7
42.63888888888889
0.7100371747211895
42.083333333333336
0.7200743494423791
41.38888888888889
0.7301115241635687
40.833333333333336
0.7401486988847583
40.27777777777778
0.7501858736059479
39.72222222222222
0.7602230483271375
39.30555555555556
0.7702602230483271
38.75
0.7802973977695167
38.333333333333336
0.7903345724907063
37.77777777777778
0.8003717472118959
37.361111111111114
0.8104089219330854
36.94444444444444
0.820446096654275
36.66666666666667
0.8304832713754646
36.388888888888886
0.8405204460966542
36.111111111111114
0.8505576208178438
35.833333333333336
0.8605947955390334
35.69444444444444
0.870631970260223
35.69444444444444
0.8806691449814126
35.55555555555556
0.8907063197026022
35.55555555555556
0.9007434944237919
35.69444444444444
0.9107806691449813
35.833333333333336
0.9197026022304833
36.25
0.9297397769516729
36.66666666666667
0.9397769516728625
37.5
0.949814126394052
38.47222222222222
0.9598513011152416
39.861111111111114
0.9698884758364312
41.38888888888889
0.9799256505576208
43.333333333333336
