0.6397769516728624
40.55555555555556
0.649814126394052
40.0
0.6598513011152416
39.44444444444444
0.6698884758364312
38.888888888888886
0.6799256505576208
38.333333333333336
0.6899628252788104
37.77777777777778
0.7
37.22222222222222
0.7100371747211895
36.66666666666667
0.7200743494423791
36.25
0.7301115241635687
35.833333333333336
0.7401486988847583
35.41666666666667
0.7501858736059479
35.0
0.7602230483271375
34.583333333333336
0.7702602230483271
34.166666666666664
0.7802973977695167
33.75
0.7903345724907063
33.333333333333336
0.8003717472118959
33.05555555555556
0.8104089219330854
32.638888888888886
0.820446096654275
32.361111111111114
0.8304832713754646
32.083333333333336
0.8405204460966542
31.805555555555557
0.8505576208178438
31.52777777777778
0.8605947955390334
31.38888888888889
0.870631970260223
31.25
0.8806691449814126
31.11111111111111
0.8907063197026022
31.11111111111111
0.9007434944237919
31.25
0.9107806691449813
31.52777777777778
0.9197026022304833
31.805555555555557
0.9297397769516729
32.361111111111114
0.9397769516728625
33.05555555555556
0.949814126394052
33.888888888888886
0.9598513011152416
34.861111111111114
0.9698884758364312
35.97222222222222
