0.6397769516728624
37.361111111111114
0.649814126394052
36.52777777777778
0.6598513011152416
35.69444444444444
0.6698884758364312
34.861111111111114
0.6799256505576208
34.02777777777778
0.6899628252788104
33.19444444444444
0.7
32.5
0.7100371747211895
31.666666666666668
0.7200743494423791
30.97222222222222
0.7301115241635687
30.27777777777778
0.7401486988847583
29.583333333333332
0.7501858736059479
29.02777777777778
0.7602230483271375
28.333333333333332
0.7702602230483271
27.77777777777778
0.7802973977695167
27.22222222222222
0.7903345724907063
26.666666666666664
0.8003717472118959
26.11111111111111
0.8104089219330854
25.694444444444443
0.820446096654275
25.27777777777778
0.8304832713754646
25.0
0.8405204460966542
24.72222222222222
0.8505576208178438
24.444444444444443
0.8605947955390334
24.305555555555554
0.870631970260223
24.166666666666664
0.8806691449814126
24.166666666666664
0.8907063197026022
24.02777777777778
0.9007434944237919
24.166666666666664
0.9107806691449813
24.444444444444443
0.9197026022304833
24.72222222222222
0.9297397769516729
25.416666666666664
0.9397769516728625
26.38888888888889
0.949814126394052
27.5
0.9598513011152416
29.02777777777778
0.9698884758364312
30.694444444444443
0.9799256505576208
32.361111111111114
