0.6411111111111111
-4.366197183098592
0.731111111111111
-3.098591549295776
0.741111111111111
-2.95774647887324
0.7611111111111111
-2.816901408450705
0.7711111111111111
-2.676056338028169
0.7811111111111111
-2.676056338028169
0.7911111111111111
-2.535211267605635
0.8111111111111111
-2.394366197183099
0.841111111111111
-2.253521126760564
0.8711111111111111
-2.112676056338028
0.9111111111111111
-1.830985915492958
0.931111111111111
-1.6901408450704238
0.951111111111111
-1.6901408450704238
0.961111111111111
-1.6901408450704238
0.971111111111111
-1.6901408450704238
0.981111111111111
-1.6901408450704238
0.991111111111111
-1.6901408450704238
