0.6403314917127071
-4.084507042253521
0.6502762430939226
-4.225352112676056
0.660220994475138
-4.507042253521127
0.6701657458563536
-4.788732394366197
0.680110497237569
-4.929577464788732
0.6900552486187845
-5.070422535211268
0.7
-5.211267605633803
0.7099447513812154
-5.352112676056338
0.7198895027624309
-5.492957746478873
0.7298342541436463
-5.492957746478873
0.7397790055248619
-5.492957746478873
0.7497237569060773
-5.633802816901409
0.7596685082872928
-5.633802816901409
0.7696132596685082
-5.492957746478873
0.7795580110497238
-5.492957746478873
0.7895027624309392
-5.352112676056338
0.7994475138121547
-5.352112676056338
0.8093922651933702
-5.211267605633803
0.8193370165745857
-5.070422535211268
0.8292817679558011
-4.788732394366197
0.8392265193370165
-4.507042253521127
0.8502762430939227
-4.084507042253521
0.8602209944751381
-3.661971830985916
0.8701657458563536
-3.380281690140846
0.8801104972375691
-2.95774647887324
0.8900552486187845
-2.535211267605635
0.9
-2.112676056338028
0.9099447513812156
-1.6901408450704238
0.919889502762431
-1.4084507042253538
0.9298342541436464
-1.126760563380282
0.9397790055248619
-0.8450704225352119
0.9497237569060774
-0.5633802816901419
