0.6397769516728624
53.333333333333336
0.649814126394052
52.638888888888886
0.6598513011152416
51.94444444444444
0.6698884758364312
51.25
0.6799256505576208
50.69444444444444
0.6899628252788104
50.0
0.7
49.44444444444444
0.7100371747211895
48.888888888888886
0.7200743494423791
48.333333333333336
0.7301115241635687
47.77777777777778
0.7401486988847583
47.22222222222223
0.7501858736059479
46.80555555555556
0.7602230483271375
46.25
0.7702602230483271
45.833333333333336
0.7802973977695167
45.27777777777778
0.7903345724907063
44.861111111111114
0.8003717472118959
44.44444444444444
0.8104089219330854
44.16666666666667
0.820446096654275
43.75
0.8304832713754646
43.47222222222222
0.8405204460966542
43.19444444444444
0.8505576208178438
42.91666666666667
0.8605947955390334
42.77777777777778
0.870631970260223
42.77777777777778
0.8806691449814126
42.77777777777778
0.8907063197026022
42.91666666666667
0.9007434944237919
43.19444444444444
0.9107806691449813
43.75
0.9197026022304833
44.30555555555556
0.9297397769516729
45.138888888888886
0.9397769516728625
46.25
0.949814126394052
47.638888888888886
0.9598513011152416
49.30555555555556
0.9698884758364312
51.25
0.9799256505576208
53.333333333333336
