0.4129458917835671
1.1386885245901641
0.4139078156312625
1.138032786885246
0.4148697394789579
1.1373770491803281
0.4161523046092184
1.136393442622951
0.4171142284569138
1.135409836065574
0.4180761523046092
1.1347540983606559
0.4190380761523046
1.1337704918032787
0.42
1.1331147540983608
0.4209619238476954
1.1321311475409837
0.42192384769539076
1.1314754098360658
0.42288577154308615
1.1304918032786886
0.4241683366733467
1.1295081967213116
0.4251302605210421
1.1288524590163935
0.42609218436873747
1.1278688524590166
0.42705410821643286
1.1272131147540985
0.42801603206412825
1.1262295081967215
0.42897795591182364
1.1255737704918034
0.42993987975951903
1.1245901639344265
0.4309018036072144
1.1239344262295083
0.4318637274549098
1.1229508196721312
0.43314629258517034
1.1219672131147542
0.43410821643286573
1.1213114754098361
0.4350701402805611
1.1203278688524592
0.4360320641282565
1.119672131147541
0.4369939879759519
1.118688524590164
0.4379559118236473
1.118032786885246
0.4389178356713427
1.117049180327869
0.43987975951903807
1.116393442622951
0.44116232464929855
1.115081967213115
0.44212424849699394
1.1144262295081968
0.4430861723446894
1.1134426229508199
0.4440480961923847
1.1127868852459017
0.44501002004008017
1.1118032786885248
0.44597194388777556
1.1111475409836067
0.44693386773547095
1.1101639344262295
0.44789579158316634
1.1095081967213116
0.4491783567134268
1.1081967213114754
0.4501402805611222
1.1075409836065575
0.4511022044088176
1.1065573770491803
0.452064128256513
1.1055737704918034
0.4530260521042084
1.1049180327868853
0.45398797595190377
1.1039344262295083
0.45494989979959916
1.1032786885245902
0.45591182364729455
1.1022950819672133
0.45687374749499
1.1016393442622952
0.4581563126252505
1.1003278688524591
0.45911823647294586
1.099344262295082
0.46008016032064125
1.098688524590164
0.46104208416833664
1.097704918032787
0.46200400801603203
1.097049180327869
0.4629659318637274
1.0960655737704919
0.4639278557114228
1.095081967213115
0.4648897795591182
1.0944262295081968
0.46617234468937874
1.0931147540983608
0.4671342685370741
1.0921311475409836
0.4680961923847695
1.0914754098360657
0.4690581162324649
1.0904918032786886
0.4700200400801603
1.0895081967213116
0.4709819639278557
1.0888524590163935
0.4719438877755511
1.0878688524590165
0.47290581162324646
1.0868852459016394
0.47386773547094185
1.0859016393442624
0.4751503006012024
1.0849180327868853
0.4761122244488978
1.0839344262295083
0.47707414829659317
1.0829508196721311
0.47803607214428856
1.0822950819672132
0.47899799599198395
1.081311475409836
0.47995991983967934
1.0803278688524591
0.48092184368737473
1.079344262295082
0.4818837675350701
1.078360655737705
0.48316633266533066
1.0773770491803278
0.48412825651302605
1.076393442622951
0.48509018036072143
1.075409836065574
0.4860521042084168
1.0744262295081968
0.4870140280561122
1.0734426229508198
0.4879759519038076
1.0727868852459017
0.488937875751503
1.0718032786885248
0.4898997995991984
1.0708196721311476
0.49086172344689377
1.0698360655737706
0.4921442885771543
1.0685245901639344
0.49310621242484964
1.0675409836065575
0.4940681362725451
1.0668852459016394
0.4950300601202405
1.0659016393442624
0.49599198396793587
1.0649180327868852
0.49695390781563126
1.0639344262295083
0.49791583166332665
1.0629508196721311
0.49887775551102204
1.0619672131147542
0.5001603206412826
1.0606557377049182
0.5011222444889779
1.059672131147541
0.5020841683366734
1.058688524590164
0.5030460921843687
1.058032786885246
0.5040080160320641
1.057049180327869
0.5049699398797595
1.0560655737704918
0.5059318637274549
1.0550819672131149
0.5068937875751502
1.0540983606557377
0.5081763527054108
1.0527868852459017
0.5091382765531062
1.0518032786885247
0.5101002004008016
1.0508196721311476
0.511062124248497
1.0498360655737706
0.5120240480961924
1.0488524590163935
0.5129859719438877
1.0478688524590165
0.5139478957915832
1.0468852459016393
0.5149098196392785
1.0459016393442624
0.515871743486974
1.0449180327868852
0.5171543086172344
1.0436065573770492
0.5181162324649299
1.0426229508196723
0.5190781563126252
1.041639344262295
0.5200400801603207
1.0406557377049181
0.521002004008016
1.039672131147541
0.5219639278557114
1.038688524590164
0.5229258517034068
1.0377049180327869
0.5238877755511022
1.03672131147541
0.5251703406813627
1.035409836065574
0.526132264529058
1.0344262295081967
0.5270941883767535
1.0331147540983607
0.5280561122244489
1.0321311475409836
0.5290180360721443
1.0311475409836066
0.5299799599198397
1.0301639344262294
0.530941883767535
1.0291803278688525
0.5319038076152305
1.0281967213114755
0.5328657314629258
1.0272131147540984
0.5341482965931863
1.0259016393442624
0.5351102204408817
1.0249180327868852
0.5360721442885771
1.0239344262295083
0.5370340681362725
1.0226229508196722
0.5379959919839679
1.021639344262295
0.5389579158316633
1.0206557377049181
0.5399198396793587
1.019672131147541
0.5408817635270541
1.018688524590164
0.5421643286573146
1.0173770491803278
0.54312625250501
1.0160655737704918
0.5440881763527053
1.0150819672131148
0.5450501002004008
1.0140983606557377
0.5460120240480961
1.0131147540983607
0.5469739478957916
1.0121311475409835
0.5479358717434869
1.0108196721311475
0.5488977955911823
1.0098360655737706
0.5501803607214428
1.0085245901639344
0.5511422845691383
1.0075409836065574
0.5521042084168336
1.0062295081967214
0.553066132264529
1.0052459016393442
0.5540280561122244
1.0042622950819673
0.5549899799599198
1.0032786885245901
0.5559519038076153
1.0019672131147541
0.5569138276553106
1.000983606557377
0.557875751503006
1.0
0.5591583166332665
0.9983606557377049
0.5601202404809619
0.9973770491803279
0.5610821643286572
0.9963934426229508
0.5620440881763527
0.9950819672131147
0.5630060120240481
0.9940983606557376
0.5639679358717434
0.9931147540983607
0.5649298597194389
0.9918032786885246
0.5658917835671342
0.9908196721311475
0.5671743486973948
0.9895081967213115
0.5681362725450901
0.9881967213114754
0.5690981963927855
0.9872131147540983
0.5700601202404809
0.9859016393442623
0.5710220440881764
0.9849180327868853
0.5719839679358717
0.9839344262295082
0.572945891783567
0.9826229508196721
0.5739078156312625
0.981639344262295
