0.3529411764705882
1.0015873015873016
0.353781512605042
1.0015873015873016
0.35462184873949576
1.0015873015873016
0.3558823529411764
1.0015873015873016
0.3567226890756302
1.0015873015873016
0.35798319327731093
1.0015873015873016
0.3588235294117647
1.0015873015873016
0.3596638655462185
1.0015873015873016
0.36092436974789915
1.0015873015873016
0.36176470588235293
1.0015873015873016
0.3626050420168067
1.0015873015873016
0.3638655462184874
1.0015873015873016
0.36470588235294116
1.0015873015873016
0.3659663865546218
1.0015873015873016
0.3668067226890756
1.0015873015873016
0.3676470588235294
1.0015873015873016
0.36890756302521005
1.0015873015873016
0.36974789915966383
1.0015873015873016
0.3705882352941176
1.0015873015873016
0.37184873949579833
1.0015873015873016
0.3726890756302521
1.0015873015873016
0.3739495798319328
1.0015873015873016
0.37478991596638656
1.0015873015873016
0.37563025210084033
1.0015873015873016
0.376890756302521
1.0015873015873016
0.3777310924369748
1.0015873015873016
0.37899159663865545
1.0015873015873016
0.3798319327731092
1.0015873015873016
0.380672268907563
1.0015873015873016
0.3819327731092437
1.0015873015873016
0.38277310924369745
1.0015873015873016
0.38361344537815123
1.0015873015873016
0.3848739495798319
1.0015873015873016
0.3857142857142857
1.0015873015873016
0.3869747899159664
1.0015873015873016
0.3878151260504202
1.0015873015873016
0.38865546218487396
1.0015873015873016
0.3899159663865546
1.0015873015873016
0.3907563025210084
1.0015873015873016
0.3915966386554622
1.0015873015873016
0.39285714285714285
1.0015873015873016
0.3936974789915966
1.0015873015873016
0.3949579831932773
1.0015873015873016
0.3957983193277311
1.0015873015873016
0.39663865546218485
1.0015873015873016
0.3978991596638655
1.0015873015873016
0.3987394957983193
1.0015873015873016
0.3995798319327731
1.0015873015873016
0.4008403361344538
1.0015873015873016
0.4016806722689076
1.0015873015873016
0.40294117647058825
1.0015873015873016
0.403781512605042
1.0015873015873016
0.4046218487394958
1.0015873015873016
0.40588235294117647
1.0015873015873016
0.40672268907563025
1.0015873015873016
0.4079831932773109
1.0015873015873016
0.4088235294117647
1.0015873015873016
0.4096638655462185
1.0015873015873016
0.41092436974789914
1.0015873015873016
0.4117647058823529
1.0015873015873016
0.4126050420168067
1.0015873015873016
0.41386554621848737
1.0015873015873016
0.41470588235294115
1.0015873015873016
0.4159663865546218
1.0015873015873016
0.4168067226890756
1.0015873015873016
0.4176470588235294
1.0015873015873016
0.4189075630252101
1.0015873015873016
0.4197478991596639
1.0015873015873016
0.42058823529411765
1.0015873015873016
0.4218487394957983
1.0015873015873016
0.4226890756302521
1.0015873015873016
0.42394957983193277
1.0015873015873016
0.42478991596638654
1.0015873015873016
0.4256302521008403
1.0015873015873016
0.426890756302521
1.0015873015873016
0.42773109243697477
1.0015873015873016
0.4289915966386555
1.0015873015873016
0.42983193277310927
1.0015873015873016
0.43067226890756305
1.0015873015873016
0.4319327731092437
1.0015873015873016
0.4327731092436975
1.0015873015873016
0.4336134453781513
1.0015873015873016
0.43487394957983194
1.0015873015873016
0.4357142857142857
1.0015873015873016
0.4369747899159664
1.0015873015873016
0.43781512605042017
1.0015873015873016
0.43865546218487395
1.0015873015873016
0.4399159663865546
1.0015873015873016
0.4407563025210084
1.0015873015873016
0.44159663865546217
1.0015873015873016
0.44285714285714284
1.0015873015873016
0.4436974789915966
1.0015873015873016
0.4449579831932773
1.0015873015873016
0.4457983193277311
1.0015873015873016
0.4466386554621849
1.0015873015873016
0.44789915966386556
1.0015873015873016
0.44873949579831934
1.0015873015873016
0.4495798319327731
1.0015873015873016
0.4508403361344538
1.0015873015873016
0.45168067226890757
1.0015873015873016
0.45294117647058824
1.0015873015873016
0.453781512605042
1.0015873015873016
0.4546218487394958
1.0015873015873016
0.45588235294117646
1.0015873015873016
0.45672268907563024
1.0015873015873016
0.4579831932773109
1.0015873015873016
0.4588235294117647
1.0015873015873016
0.4596638655462185
1.0015873015873016
0.4609243697478992
1.0015873015873016
0.46176470588235297
1.0015873015873016
0.46260504201680674
1.0015873015873016
0.4638655462184874
1.0015873015873016
0.4647058823529412
1.0015873015873016
0.46596638655462186
1.0015873015873016
0.46680672268907564
1.0015873015873016
0.4676470588235294
1.0015873015873016
0.4689075630252101
1.0015873015873016
0.46974789915966386
1.0015873015873016
0.47058823529411764
1.0015873015873016
0.4718487394957983
1.0015873015873016
0.4726890756302521
1.0015873015873016
0.47394957983193275
1.0015873015873016
0.47478991596638653
1.0015873015873016
0.4756302521008403
1.0015873015873016
0.47689075630252103
1.0015873015873016
0.4777310924369748
1.0015873015873016
0.4789915966386555
1.0015873015873016
0.47983193277310926
1.0015873015873016
0.48067226890756304
1.0015873015873016
0.4819327731092437
1.0015873015873016
0.48277310924369754
1.0015873015873016
0.48361344537815126
1.0015873015873016
0.48487394957983193
1.0015873015873016
0.48571428571428577
1.0015873015873016
0.48697478991596643
1.0015873015873016
0.4878151260504202
1.0015873015873016
0.488655462184874
1.0015873015873016
0.48991596638655466
1.0015873015873016
0.49075630252100844
1.0015873015873016
0.4915966386554622
1.0015873015873016
0.4928571428571429
1.0015873015873016
0.49369747899159666
1.0015873015873016
0.49495798319327733
1.0015873015873016
0.4957983193277311
1.0015873015873016
0.4966386554621849
1.0015873015873016
0.49789915966386555
1.0015873015873016
0.49873949579831933
1.0015873015873016
0.4995798319327731
1.0015873015873016
0.5008403361344538
1.0015873015873016
0.5016806722689076
1.0015873015873016
0.5029411764705882
1.0015873015873016
0.503781512605042
1.0015873015873016
0.5046218487394958
1.0015873015873016
0.5058823529411764
1.0015873015873016
0.5067226890756302
1.0015873015873016
0.5079831932773109
1.0015873015873016
0.5088235294117647
1.0015873015873016
0.5096638655462185
1.0015873015873016
0.5109243697478991
1.0015873015873016
0.5117647058823529
1.0015873015873016
0.5126050420168067
1.0015873015873016
0.5138655462184873
1.0015873015873016
0.5147058823529412
1.0015873015873016
0.5159663865546219
1.0015873015873016
0.5168067226890756
1.0015873015873016
0.5176470588235295
1.0015873015873016
0.5189075630252101
1.0015873015873016
0.5197478991596639
1.0015873015873016
0.5205882352941177
1.0015873015873016
0.5218487394957984
1.0015873015873016
0.5226890756302521
1.0015873015873016
0.5239495798319328
1.0015873015873016
0.5247899159663866
1.0015873015873016
0.5256302521008404
1.0015873015873016
0.526890756302521
1.0015873015873016
0.5277310924369748
1.0015873015873016
0.5289915966386555
1.0015873015873016
0.5298319327731092
1.0015873015873016
0.530672268907563
1.0015873015873016
0.5319327731092437
1.0015873015873016
0.5327731092436975
1.0015873015873016
0.5336134453781513
1.0015873015873016
0.534873949579832
1.0015873015873016
0.5357142857142857
1.0015873015873016
0.5369747899159664
1.0015873015873016
0.5378151260504203
1.0015873015873016
0.5386554621848739
1.0015873015873016
0.5399159663865547
1.0015873015873016
0.5407563025210085
1.0015873015873016
0.5415966386554623
1.0015873015873016
0.5428571428571429
1.0015873015873016
0.5436974789915967
1.0015873015873016
0.5449579831932774
1.0015873015873016
