0.4006872852233677
1.0
0.40171821305841926
1.0
0.4027491408934708
1.0
0.40378006872852235
1.0
0.4048109965635739
1.0
0.40584192439862543
1.0
0.406872852233677
1.0
0.4079037800687285
1.0
0.4089347079037801
1.0
0.40996563573883166
1.0
0.4109965635738832
1.0
0.4116838487972509
1.0
0.41271477663230244
1.0
0.413745704467354
1.0
0.4147766323024055
1.0
0.41580756013745707
1.0
0.4168384879725086
1.0
0.41786941580756015
1.0
0.4189003436426117
1.0
0.41993127147766324
1.0
0.4209621993127148
1.0
0.4219931271477663
1.0
0.422680412371134
1.0
0.42371134020618556
1.0
0.42474226804123716
1.0
0.4257731958762887
1.0
0.42680412371134024
1.0
0.4278350515463918
1.0
0.42886597938144333
1.0
0.4298969072164949
1.0
0.4309278350515464
1.0
0.43195876288659796
1.0
0.4329896907216495
1.0
0.4336769759450172
1.0
0.43470790378006874
1.0
0.4357388316151203
1.0
0.4367697594501718
1.0
0.43780068728522337
1.0
0.4388316151202749
1.0
0.43986254295532645
1.0
0.440893470790378
1.0
0.4419243986254296
1.0
0.44295532646048114
1.0
0.4439862542955327
1.0
0.4446735395189004
1.0
0.4457044673539519
1.0
0.44673539518900346
1.0
0.447766323024055
1.0
0.44879725085910654
1.0
0.4498281786941581
1.0
0.45085910652920963
1.0
0.4518900343642612
1.0
0.4529209621993127
1.0
0.45395189003436426
1.0
0.4549828178694158
1.0
0.4556701030927835
1.0
0.4567010309278351
1.0
0.45773195876288664
1.0
0.4587628865979382
1.0
0.4597938144329897
1.0
0.46082474226804127
1.0
0.4618556701030928
1.0
0.46288659793814435
1.0
0.4639175257731959
1.0
0.46494845360824744
1.0
0.465979381443299
1.0
0.4666666666666667
1.0
0.4676975945017182
1.0
0.46872852233676976
1.0
0.4697594501718213
1.0
0.47079037800687284
1.0
0.4718213058419244
1.0
0.47285223367697593
1.0
0.4738831615120275
1.0
0.47491408934707907
1.0
0.4759450171821306
1.0
0.47697594501718216
1.0
0.47766323024054985
1.0
0.4786941580756014
1.0
0.47972508591065294
1.0
0.4807560137457045
1.0
0.481786941580756
1.0
0.48281786941580757
1.0
0.4838487972508591
1.0
0.48487972508591065
1.0
0.4859106529209622
1.0
0.4869415807560138
1.0
0.48797250859106533
1.0
0.48865979381443303
1.0
0.4896907216494846
1.0
0.4907216494845361
1.0
0.49175257731958766
1.0
0.4927835051546392
1.0
0.49381443298969074
1.0
0.4948453608247423
1.0
0.49587628865979383
1.0
0.49690721649484537
1.0
0.4979381443298969
1.0
0.49896907216494846
1.0
0.5
1.0
0.5006872852233677
1.0
0.5017182130584192
1.0
0.5027491408934708
1.0
0.5037800687285223
1.0
0.5048109965635739
1.0
0.5058419243986254
1.0
0.506872852233677
1.0
0.5079037800687285
1.0
0.50893470790378
1.0
0.5099656357388316
1.0
0.5109965635738831
1.0
0.5116838487972508
1.0
0.5127147766323024
1.0
0.5137457044673539
1.0
0.5147766323024054
1.0
0.515807560137457
1.0
0.5168384879725086
1.0
0.5178694158075602
1.0
0.5189003436426117
1.0
0.5199312714776633
1.0
0.5209621993127148
1.0
0.5219931271477664
1.0
0.522680412371134
1.0
0.5237113402061856
1.0
0.5247422680412371
1.0
0.5257731958762887
1.0
0.5268041237113402
1.0
0.5278350515463918
1.0
0.5288659793814433
1.0
0.5298969072164949
1.0
0.5309278350515464
1.0
0.5319587628865979
1.0
0.5329896907216495
1.0
0.5336769759450172
1.0
0.5347079037800687
1.0
0.5357388316151203
1.0
0.5367697594501718
1.0
0.5378006872852233
1.0
0.5388316151202749
1.0
0.5398625429553264
1.0
0.5408934707903781
1.0
0.5419243986254295
1.0
0.5429553264604812
1.0
0.5439862542955326
1.0
0.5446735395189004
1.0
0.545704467353952
1.0
0.5467353951890035
1.0
0.547766323024055
1.0
0.5487972508591066
1.0
0.5498281786941581
1.0
0.5508591065292097
1.0
0.5518900343642612
1.0
