0.4228725314183124
0.8420416666666667
0.42402154398563735
0.8429166666666666
0.42488330341113106
0.8434999999999999
0.426032315978456
0.844375
0.4268940754039497
0.84525
0.42804308797127466
0.846125
0.4289048473967684
0.8467083333333333
0.43005385996409334
0.8475833333333334
0.43091561938958706
0.8481666666666666
0.432064631956912
0.8490416666666666
0.43292639138240574
0.849625
0.43407540394973065
0.8504999999999999
0.4349371633752244
0.8510833333333333
0.43608617594254934
0.8519583333333333
0.43694793536804305
0.8528333333333333
0.438096947935368
0.8537083333333333
0.43895870736086173
0.8542916666666667
0.4401077199281867
0.8551666666666666
0.4409694793536804
0.85575
0.4421184919210054
0.856625
0.4429802513464991
0.8572083333333333
0.4438420107719928
0.8580833333333333
0.4449910233393177
0.8586666666666667
0.44585278276481144
0.8595416666666666
0.4470017953321364
0.8604166666666666
0.4478635547576301
0.861
0.4490125673249551
0.861875
0.4498743267504488
0.8624583333333333
0.4510233393177738
0.8633333333333333
0.4518850987432675
0.8642083333333334
0.45303411131059246
0.8650833333333333
0.45389587073608617
0.8656666666666666
0.4550448833034111
0.8665416666666667
0.4559066427289048
0.8671249999999999
0.45705565529622977
0.868
0.4579174147217235
0.868875
0.45906642728904845
0.86975
0.45992818671454216
0.8703333333333333
0.46107719928186713
0.8712083333333334
0.46193895870736085
0.8717916666666666
0.4630879712746858
0.8726666666666666
0.46394973070017953
0.8735416666666667
0.46509874326750444
0.8744166666666666
0.46596050269299816
0.875
0.4671095152603231
0.875875
0.46797127468581684
0.8767499999999999
0.4691202872531418
0.877625
0.4699820466786355
0.8782083333333333
0.47084380610412924
0.8787916666666666
0.4719928186714542
0.8796666666666666
0.4728545780969479
0.8805416666666667
0.47400359066427283
0.8814166666666666
0.4748653500897666
0.882
0.4760143626570915
0.8831666666666667
0.47687612208258523
0.88375
0.4780251346499102
0.884625
0.4788868940754039
0.8855
0.4800359066427289
0.886375
0.4808976660682226
0.8869583333333333
0.48204667863554757
0.8878333333333334
0.4829084380610413
0.8887083333333333
0.4840574506283662
0.8895833333333333
0.48491921005385996
0.8901666666666667
0.4860682226211849
0.8913333333333333
0.4869299820466786
0.8919166666666667
0.48807899461400356
0.8927916666666667
0.48894075403949727
0.8936666666666666
0.49008976660682224
0.8945416666666667
0.49095152603231595
0.895125
0.49210053859964087
0.8962916666666666
0.4929622980251346
0.896875
0.4941113105924596
0.8977499999999999
0.4949730700179533
0.898625
0.49612208258527823
0.8995
0.49698384201077195
0.900375
0.49784560143626566
0.9009583333333333
0.49899461400359063
0.9018333333333333
0.49985637342908434
0.9027083333333333
0.5010053859964093
0.9035833333333333
0.501867145421903
0.9044583333333334
0.5030161579892279
0.9053333333333333
0.5038779174147217
0.9062083333333333
0.5050269299820467
0.9070833333333334
0.5058886894075404
0.9079583333333333
0.5070377019748653
0.9088333333333333
0.507899461400359
0.9094166666666667
0.5090484739676839
0.9105833333333333
0.5099102333931776
0.9111666666666667
0.5110592459605027
0.9123333333333333
0.5119210053859964
0.9129166666666666
0.5130700179533213
0.9140833333333334
0.513931777378815
0.9146666666666666
0.51508078994614
0.9158333333333333
0.5159425493716338
0.9164166666666667
0.5170915619389587
0.9175833333333333
0.5179533213644524
0.9181666666666667
0.5191023339317773
0.9190416666666666
0.519964093357271
0.9199166666666667
0.521113105924596
0.9207916666666667
0.5219748653500897
0.9216666666666666
0.5231238779174147
0.9225416666666667
0.5239856373429084
0.9234166666666667
0.5248473967684021
0.9242916666666666
0.5259964093357271
0.9251666666666667
0.5268581687612208
0.9260416666666667
0.5280071813285457
0.9269166666666666
0.5288689407540395
0.9277916666666667
0.5300179533213644
0.9286666666666666
0.5308797127468581
0.9295416666666667
0.5320287253141831
0.9304166666666667
0.5328904847396768
0.9312916666666666
0.5340394973070017
0.9321666666666667
0.5349012567324954
0.9330416666666667
0.5360502692998204
0.9339166666666666
0.5369120287253142
0.9347916666666667
0.5380610412926391
0.9359583333333333
0.5389228007181328
0.9365416666666666
0.5400718132854577
0.9377083333333334
0.5409335727109514
0.9382916666666666
0.5420825852782765
0.9394583333333333
0.5429443447037702
0.9403333333333334
0.5440933572710951
0.9412083333333333
0.5449551166965888
0.9420833333333334
0.5461041292639137
0.9429583333333333
0.5469658886894075
0.9438333333333333
0.5481149012567325
0.9447083333333334
0.5489766606822262
0.9455833333333333
0.5501256732495511
0.94675
0.5509874326750448
0.9473333333333334
0.5518491921005386
0.9482083333333333
0.5529982046678635
0.9490833333333333
0.5538599640933572
0.9499583333333333
0.5550089766606822
0.951125
0.5558707360861759
0.9517083333333334
0.5570197486535009
0.952875
0.5578815080789945
0.95375
0.5590305206463195
0.954625
0.5598922800718132
0.9555
0.5610412926391382
0.956375
0.5619030520646319
0.95725
0.5630520646319569
0.958125
0.5639138240574506
0.959
0.5650628366247755
0.9601666666666666
0.5659245960502692
0.96075
0.5670736086175943
0.9619166666666666
0.5679353680430879
0.9627916666666667
0.5690843806104129
0.9636666666666667
0.5699461400359066
0.9645416666666666
0.5710951526032315
0.9654166666666666
0.5719569120287252
0.9662916666666667
0.5731059245960501
0.9674583333333333
0.573967684021544
0.9680416666666667
0.5751166965888689
0.9689166666666666
