0.3529411764705882
1.1455026455026456
0.353781512605042
1.1433862433862434
0.35462184873949576
1.1412698412698414
0.3558823529411764
1.137037037037037
0.3567226890756302
1.1349206349206349
0.35798319327731093
1.1317460317460317
0.3588235294117647
1.1296296296296298
0.3596638655462185
1.1264550264550266
0.36092436974789915
1.1232804232804234
0.36176470588235293
1.1211640211640213
0.3626050420168067
1.119047619047619
0.3638655462184874
1.115873015873016
0.36470588235294116
1.1126984126984127
0.3659663865546218
1.1095238095238096
0.3668067226890756
1.1074074074074076
0.3676470588235294
1.1052910052910054
0.36890756302521005
1.101058201058201
0.36974789915966383
1.098941798941799
0.3705882352941176
1.096825396825397
0.37184873949579833
1.0936507936507938
0.3726890756302521
1.0904761904761906
0.3739495798319328
1.0873015873015874
0.37478991596638656
1.0851851851851853
0.37563025210084033
1.083068783068783
0.376890756302521
1.078835978835979
0.3777310924369748
1.0767195767195767
0.37899159663865545
1.0735449735449736
0.3798319327731092
1.0714285714285716
0.380672268907563
1.0682539682539685
0.3819327731092437
1.0650793650793653
0.38277310924369745
1.0629629629629629
0.38361344537815123
1.060846560846561
0.3848739495798319
1.0566137566137566
0.3857142857142857
1.0544973544973546
0.3869747899159664
1.0502645502645502
0.3878151260504202
1.0481481481481483
0.38865546218487396
1.046031746031746
0.3899159663865546
1.041798941798942
0.3907563025210084
1.0396825396825398
0.3915966386554622
1.0375661375661376
0.39285714285714285
1.0333333333333334
0.3936974789915966
1.0312169312169313
0.3949579831932773
1.028042328042328
0.3957983193277311
1.025925925925926
0.39663865546218485
1.0227513227513227
0.3978991596638655
1.0195767195767196
0.3987394957983193
1.0164021164021164
0.3995798319327731
1.0142857142857142
0.4008403361344538
1.011111111111111
0.4016806722689076
1.007936507936508
0.40294117647058825
1.0047619047619047
0.403781512605042
1.0015873015873016
0.4046218487394958
0.9994708994708995
0.40588235294117647
0.9952380952380953
0.40672268907563025
0.9931216931216932
0.4079831932773109
0.9888888888888889
0.4088235294117647
0.9867724867724867
0.4096638655462185
0.9846560846560847
0.41092436974789914
0.9804232804232804
0.4117647058823529
0.9783068783068783
0.4126050420168067
0.9751322751322752
0.41386554621848737
0.971957671957672
0.41470588235294115
0.9687830687830689
0.4159663865546218
0.9656084656084656
0.4168067226890756
0.9624338624338624
0.4176470588235294
0.9603174603174603
0.4189075630252101
0.9560846560846561
0.4197478991596639
0.9529100529100529
0.42058823529411765
0.9507936507936507
0.4218487394957983
0.9465608465608466
0.4226890756302521
0.9444444444444444
0.42394957983193277
0.9402116402116403
0.42478991596638654
0.9380952380952381
0.4256302521008403
0.9349206349206349
0.426890756302521
0.9306878306878307
0.42773109243697477
0.9285714285714286
0.4289915966386555
0.9243386243386243
0.42983193277310927
0.9211640211640212
0.43067226890756305
0.9190476190476191
0.4319327731092437
0.9148148148148149
0.4327731092436975
0.9116402116402116
0.4336134453781513
0.9095238095238096
0.43487394957983194
0.9052910052910053
0.4357142857142857
0.9021164021164021
0.4369747899159664
0.897883597883598
0.43781512605042017
0.8957671957671958
0.43865546218487395
0.8925925925925926
0.4399159663865546
0.8883597883597883
0.4407563025210084
0.8862433862433863
0.44159663865546217
0.8830687830687831
0.44285714285714284
0.8788359788359789
0.4436974789915966
0.8756613756613757
0.4449579831932773
0.8714285714285714
0.4457983193277311
0.8682539682539683
0.4466386554621849
0.8661375661375661
0.44789915966386556
0.861904761904762
0.44873949579831934
0.8587301587301588
0.4495798319327731
0.8555555555555555
0.4508403361344538
0.8513227513227513
0.45168067226890757
0.8481481481481481
0.45294117647058824
0.843915343915344
0.453781512605042
0.8417989417989418
0.4546218487394958
0.8386243386243386
0.45588235294117646
0.8343915343915345
0.45672268907563024
0.8312169312169312
0.4579831932773109
0.8269841269841269
0.4588235294117647
0.8238095238095238
0.4596638655462185
0.8206349206349206
0.4609243697478992
0.8164021164021164
0.46176470588235297
0.8132275132275132
0.46260504201680674
0.81005291005291
0.4638655462184874
0.8058201058201058
0.4647058823529412
0.8026455026455026
0.46596638655462186
0.7984126984126984
0.46680672268907564
0.7952380952380952
0.4676470588235294
0.792063492063492
0.4689075630252101
0.7878306878306878
0.46974789915966386
0.7846560846560846
0.47058823529411764
0.7814814814814814
0.4718487394957983
0.7772486772486772
0.4726890756302521
0.774074074074074
0.47394957983193275
0.7698412698412698
0.47478991596638653
0.7666666666666666
0.4756302521008403
0.7634920634920634
0.47689075630252103
0.7582010582010582
0.4777310924369748
0.756084656084656
0.4789915966386555
0.7507936507936508
0.47983193277310926
0.7476190476190476
0.48067226890756304
0.7444444444444445
0.4819327731092437
0.7402116402116402
0.48277310924369754
0.737037037037037
0.48361344537815126
0.7338624338624338
0.48487394957983193
0.7285714285714285
0.48571428571428577
0.7253968253968254
0.48697478991596643
0.7211640211640211
0.4878151260504202
0.717989417989418
0.488655462184874
0.7148148148148148
0.48991596638655466
0.7105820105820105
0.49075630252100844
0.7074074074074074
0.4915966386554622
0.7042328042328042
0.4928571428571429
0.6989417989417989
0.49369747899159666
0.6957671957671957
0.49495798319327733
0.6915343915343914
0.4957983193277311
0.6883597883597883
0.4966386554621849
0.6851851851851851
0.49789915966386555
0.6798941798941799
0.49873949579831933
0.6767195767195767
0.4995798319327731
0.6735449735449734
0.5008403361344538
0.6693121693121693
0.5016806722689076
0.6661375661375661
0.5029411764705882
0.6608465608465608
0.503781512605042
0.6576719576719576
0.5046218487394958
0.6544973544973545
0.5058823529411764
0.6502645502645502
0.5067226890756302
0.647089947089947
0.5079831932773109
0.6417989417989417
0.5088235294117647
0.6386243386243385
0.5096638655462185
0.6354497354497354
0.5109243697478991
0.6312169312169311
0.5117647058823529
0.628042328042328
0.5126050420168067
0.6248677248677248
0.5138655462184873
0.6195767195767194
