0.4
0.8870689655172415
0.4006872852233677
0.8870689655172415
0.40171821305841926
0.8879310344827587
0.4027491408934708
0.8887931034482759
0.40378006872852235
0.8896551724137931
0.4048109965635739
0.8905172413793103
0.40584192439862543
0.8913793103448276
0.406872852233677
0.8913793103448276
0.4079037800687285
0.8922413793103449
0.4089347079037801
0.8931034482758621
0.40996563573883166
0.8939655172413793
0.4109965635738832
0.8948275862068966
0.4116838487972509
0.8956896551724138
0.41271477663230244
0.8956896551724138
0.413745704467354
0.896551724137931
0.4147766323024055
0.8974137931034483
0.41580756013745707
0.8982758620689656
0.4168384879725086
0.8991379310344828
0.41786941580756015
0.9
0.4189003436426117
0.9008620689655172
0.41993127147766324
0.9017241379310345
0.4209621993127148
0.9025862068965518
0.4219931271477663
0.9025862068965518
0.422680412371134
0.903448275862069
0.42371134020618556
0.9043103448275862
0.42474226804123716
0.9051724137931034
0.4257731958762887
0.9060344827586208
0.42680412371134024
0.906896551724138
0.4278350515463918
0.906896551724138
0.42886597938144333
0.9077586206896552
0.4298969072164949
0.9086206896551724
0.4309278350515464
0.9094827586206897
0.43195876288659796
0.9103448275862069
0.4329896907216495
0.9112068965517242
0.4336769759450172
0.9120689655172414
0.43470790378006874
0.9120689655172414
0.4357388316151203
0.9129310344827586
0.4367697594501718
0.9137931034482759
0.43780068728522337
0.9146551724137931
0.4388316151202749
0.9155172413793103
0.43986254295532645
0.9163793103448276
0.440893470790378
0.9172413793103449
0.4419243986254296
0.9181034482758621
0.44295532646048114
0.9189655172413793
0.4439862542955327
0.9189655172413793
0.4446735395189004
0.9198275862068965
0.4457044673539519
0.9206896551724139
0.44673539518900346
0.9215517241379311
0.447766323024055
0.9224137931034483
0.44879725085910654
0.9232758620689655
0.4498281786941581
0.9241379310344828
0.45085910652920963
0.9241379310344828
0.4518900343642612
0.925
0.4529209621993127
0.9258620689655173
0.45395189003436426
0.9267241379310345
0.4549828178694158
0.9275862068965517
0.4556701030927835
0.928448275862069
0.4567010309278351
0.9293103448275862
0.45773195876288664
0.9301724137931034
0.4587628865979382
0.9301724137931034
0.4597938144329897
0.9310344827586207
0.46082474226804127
0.931896551724138
0.4618556701030928
0.9327586206896552
0.46288659793814435
0.9336206896551724
0.4639175257731959
0.9344827586206896
0.46494845360824744
0.9353448275862069
0.465979381443299
0.9362068965517242
0.4666666666666667
0.9370689655172414
0.4676975945017182
0.9379310344827586
0.46872852233676976
0.9387931034482758
0.4697594501718213
0.9396551724137931
0.47079037800687284
0.9405172413793104
0.4718213058419244
0.9413793103448276
0.47285223367697593
0.9422413793103448
0.4738831615120275
0.9431034482758621
0.47491408934707907
0.9439655172413793
0.4759450171821306
0.9448275862068966
0.47697594501718216
0.9456896551724138
0.47766323024054985
0.9456896551724138
0.4786941580756014
0.9474137931034483
0.47972508591065294
0.9482758620689655
0.4807560137457045
0.9491379310344827
0.481786941580756
0.95
0.48281786941580757
0.9508620689655173
0.4838487972508591
0.9517241379310345
0.48487972508591065
0.9525862068965517
0.4859106529209622
0.9543103448275863
0.4869415807560138
0.9551724137931035
0.48797250859106533
0.9560344827586207
0.48865979381443303
0.9568965517241379
0.4896907216494846
0.9577586206896552
0.4907216494845361
0.9586206896551724
0.49175257731958766
0.9603448275862069
0.4927835051546392
0.9612068965517242
0.49381443298969074
0.9629310344827586
0.4948453608247423
0.9637931034482758
0.49587628865979383
0.9646551724137931
0.49690721649484537
0.9663793103448276
0.4979381443298969
0.9672413793103448
0.49896907216494846
0.9689655172413794
0.5
0.9698275862068966
0.5006872852233677
0.9706896551724138
0.5017182130584192
0.9724137931034482
0.5027491408934708
0.9741379310344828
0.5037800687285223
0.975
0.5048109965635739
0.9767241379310345
0.5058419243986254
0.978448275862069
0.506872852233677
0.9801724137931034
0.5079037800687285
0.9810344827586207
0.50893470790378
0.9827586206896551
0.5099656357388316
0.9844827586206897
0.5109965635738831
0.9862068965517241
0.5116838487972508
0.9870689655172413
0.5127147766323024
0.9887931034482759
0.5137457044673539
0.9905172413793103
0.5147766323024054
0.9922413793103448
0.515807560137457
0.9939655172413793
0.5168384879725086
0.9956896551724138
0.5178694158075602
0.9974137931034482
0.5189003436426117
0.9991379310344828
0.5199312714776633
1.0008620689655172
0.5209621993127148
1.0034482758620689
0.5219931271477664
1.0051724137931035
0.522680412371134
1.0060344827586207
0.5237113402061856
1.0086206896551724
0.5247422680412371
1.0103448275862068
0.5257731958762887
1.0120689655172415
0.5268041237113402
1.014655172413793
0.5278350515463918
1.0163793103448275
0.5288659793814433
1.018103448275862
0.5298969072164949
1.0206896551724138
0.5309278350515464
1.0224137931034483
0.5319587628865979
1.0241379310344827
0.5329896907216495
1.0267241379310346
0.5336769759450172
1.0275862068965518
0.5347079037800687
1.0301724137931034
0.5357388316151203
1.0318965517241379
0.5367697594501718
1.0344827586206897
0.5378006872852233
1.0362068965517242
0.5388316151202749
1.0387931034482758
0.5398625429553264
1.0405172413793102
0.5408934707903781
1.043103448275862
0.5419243986254295
1.0448275862068965
0.5429553264604812
1.0474137931034482
0.5439862542955326
1.0491379310344828
0.5446735395189004
1.0508620689655173
0.545704467353952
1.0525862068965517
0.5467353951890035
1.0551724137931033
