0.4148697394789579
1.0563934426229509
0.4161523046092184
1.0560655737704918
0.4171142284569138
1.0557377049180328
0.4180761523046092
1.055409836065574
0.4190380761523046
1.0550819672131149
0.42
1.0547540983606558
0.4209619238476954
1.0544262295081968
0.42192384769539076
1.0537704918032786
0.42288577154308615
1.0534426229508198
0.4241683366733467
1.0531147540983608
0.4251302605210421
1.0527868852459017
0.42609218436873747
1.0524590163934426
0.42705410821643286
1.0521311475409836
0.42801603206412825
1.0518032786885247
0.42897795591182364
1.0514754098360657
0.42993987975951903
1.0511475409836066
0.4309018036072144
1.0508196721311476
0.4318637274549098
1.0504918032786885
0.43314629258517034
1.0501639344262295
0.43410821643286573
1.0498360655737706
0.4350701402805611
1.0495081967213116
0.4360320641282565
1.0491803278688525
0.4369939879759519
1.0488524590163935
0.4379559118236473
1.0485245901639344
0.4389178356713427
1.0481967213114753
0.43987975951903807
1.0478688524590165
0.44116232464929855
1.0472131147540984
0.44212424849699394
1.0468852459016393
0.4430861723446894
1.0465573770491803
0.4440480961923847
1.0462295081967214
0.44501002004008017
1.0459016393442624
0.44597194388777556
1.0455737704918033
0.44693386773547095
1.0452459016393443
0.44789579158316634
1.0449180327868852
0.4491783567134268
1.0445901639344264
0.4501402805611222
1.0442622950819673
0.4511022044088176
1.0439344262295083
0.452064128256513
1.0436065573770492
0.4530260521042084
1.0432786885245902
0.45398797595190377
1.042950819672131
0.45494989979959916
1.0426229508196723
0.45591182364729455
1.0422950819672132
0.45687374749499
1.041639344262295
0.4581563126252505
1.041311475409836
0.45911823647294586
1.040983606557377
0.46008016032064125
1.0406557377049181
0.46104208416833664
1.040327868852459
0.46200400801603203
1.04
0.4629659318637274
1.039672131147541
0.4639278557114228
1.039344262295082
0.4648897795591182
1.039016393442623
0.46617234468937874
1.038360655737705
0.4671342685370741
1.038032786885246
0.4680961923847695
1.0377049180327869
0.4690581162324649
1.0373770491803278
0.4700200400801603
1.037049180327869
0.4709819639278557
1.03672131147541
0.4719438877755511
1.0363934426229509
0.47290581162324646
1.0360655737704918
0.47386773547094185
1.0357377049180327
0.4751503006012024
1.0350819672131149
0.4761122244488978
1.0347540983606558
0.47707414829659317
1.0344262295081967
0.47803607214428856
1.0340983606557377
0.47899799599198395
1.0337704918032786
0.47995991983967934
1.0334426229508198
0.48092184368737473
1.0331147540983607
0.4818837675350701
1.0327868852459017
0.48316633266533066
1.0324590163934426
0.48412825651302605
1.0318032786885247
0.48509018036072143
1.0314754098360657
0.4860521042084168
1.0311475409836066
0.4870140280561122
1.0308196721311476
0.4879759519038076
1.0304918032786885
0.488937875751503
1.0301639344262294
0.4898997995991984
1.0298360655737706
0.49086172344689377
1.0295081967213116
0.4921442885771543
1.0288524590163934
0.49310621242484964
1.0285245901639344
0.4940681362725451
1.0281967213114755
0.4950300601202405
1.0278688524590165
0.49599198396793587
1.0275409836065574
0.49695390781563126
1.0272131147540984
0.49791583166332665
1.0268852459016393
0.49887775551102204
1.0265573770491803
0.5001603206412826
1.0259016393442624
0.5011222444889779
1.0255737704918033
0.5020841683366734
1.0252459016393443
0.5030460921843687
1.0249180327868852
0.5040080160320641
1.0245901639344264
0.5049699398797595
1.0239344262295083
0.5059318637274549
1.0236065573770492
0.5068937875751502
1.0232786885245901
0.5081763527054108
1.022950819672131
0.5091382765531062
1.0222950819672132
0.5101002004008016
1.0219672131147541
0.511062124248497
1.021639344262295
0.5120240480961924
1.021311475409836
0.5129859719438877
1.020983606557377
0.5139478957915832
1.0206557377049181
0.5149098196392785
1.020327868852459
0.515871743486974
1.019672131147541
0.5171543086172344
1.019344262295082
0.5181162324649299
1.019016393442623
0.5190781563126252
1.018360655737705
0.5200400801603207
1.018032786885246
0.521002004008016
1.0177049180327868
0.5219639278557114
1.0173770491803278
0.5229258517034068
1.017049180327869
0.5238877755511022
1.01672131147541
0.5251703406813627
1.0160655737704918
0.526132264529058
1.0157377049180327
0.5270941883767535
1.015409836065574
0.5280561122244489
1.0147540983606558
0.5290180360721443
1.0144262295081967
0.5299799599198397
1.0140983606557377
0.530941883767535
1.0137704918032786
0.5319038076152305
1.0131147540983607
0.5328657314629258
1.0127868852459017
0.5341482965931863
1.0124590163934426
0.5351102204408817
1.0118032786885247
0.5360721442885771
1.0114754098360657
0.5370340681362725
1.0111475409836066
0.5379959919839679
1.0108196721311475
0.5389579158316633
1.0101639344262294
0.5399198396793587
1.0098360655737706
0.5408817635270541
1.0095081967213115
0.5421643286573146
1.0088524590163934
0.54312625250501
1.0085245901639344
0.5440881763527053
1.0081967213114753
0.5450501002004008
1.0075409836065574
0.5460120240480961
1.0072131147540984
0.5469739478957916
1.0068852459016393
0.5479358717434869
1.0065573770491802
0.5488977955911823
1.0059016393442624
0.5501803607214428
1.0055737704918033
0.5511422845691383
1.0049180327868852
0.5521042084168336
1.0045901639344261
0.553066132264529
1.0042622950819673
0.5540280561122244
1.0039344262295082
0.5549899799599198
1.0032786885245901
0.5559519038076153
1.002950819672131
0.5569138276553106
1.0026229508196722
0.557875751503006
1.0019672131147541
0.5591583166332665
1.001639344262295
0.5601202404809619
1.000983606557377
0.5610821643286572
1.0006557377049181
0.5620440881763527
1.000327868852459
0.5630060120240481
0.9996721311475409
0.5639679358717434
0.999344262295082
0.5649298597194389
0.9990163934426229
0.5658917835671342
0.9986885245901639
0.5671743486973948
0.9980327868852459
0.5681362725450901
0.9973770491803279
0.5690981963927855
0.9970491803278688
0.5700601202404809
0.9967213114754099
0.5710220440881764
0.9963934426229508
0.5719839679358717
0.9957377049180328
0.572945891783567
0.9954098360655738
0.5739078156312625
0.9950819672131147
0.5748697394789579
0.9944262295081967
0.5761523046092184
0.9940983606557376
0.5771142284569138
0.9934426229508196
0.5780761523046092
0.9931147540983607
0.5790380761523046
0.9927868852459016
0.58
0.9921311475409836
0.5809619238476953
0.9918032786885246
0.5819238476953907
0.9914754098360655
