0.010198300283286117
1.0010526315789474
0.011898016997167138
1.0010526315789474
0.012747875354107648
1.0010526315789474
0.013597733711048157
1.0021052631578948
0.014447592067988667
1.0021052631578948
0.015297450424929178
1.0021052631578948
0.0169971671388102
1.003157894736842
0.017847025495750707
1.003157894736842
0.018696883852691217
1.003157894736842
0.019546742209631728
1.0042105263157894
0.020396600566572234
1.0042105263157894
0.021246458923512748
1.0042105263157894
0.022946175637393765
1.0052631578947369
0.023796033994334276
1.0052631578947369
0.024645892351274786
1.0052631578947369
0.025495750708215296
1.0063157894736843
0.026345609065155807
1.0063157894736843
0.027195467422096314
1.0063157894736843
0.028895184135977334
1.0073684210526317
0.029745042492917845
1.0073684210526317
0.030594900849858355
1.0073684210526317
0.031444759206798865
1.0084210526315789
0.03229461756373937
1.0084210526315789
0.0339943342776204
1.0084210526315789
0.03484419263456091
1.0094736842105263
0.035694050991501414
1.0094736842105263
0.03654390934844192
1.0094736842105263
0.037393767705382434
1.0105263157894737
0.03824362606232295
1.0105263157894737
0.03994334277620396
1.0105263157894737
0.04079320113314447
1.0115789473684211
0.04164305949008498
1.0115789473684211
0.042492917847025496
1.0115789473684211
0.043342776203966
1.0126315789473683
0.04419263456090651
1.0126315789473683
0.04589235127478753
1.0126315789473683
0.046742209631728045
1.0136842105263157
0.04759206798866855
1.0136842105263157
0.048441926345609065
1.0136842105263157
0.04929178470254957
1.0136842105263157
0.05099150141643059
1.0147368421052632
0.05184135977337111
1.0147368421052632
0.052691218130311614
1.0157894736842106
0.05354107648725212
1.0157894736842106
0.05439093484419263
1.0157894736842106
0.05524079320113315
1.0157894736842106
0.05694050991501416
1.016842105263158
0.05779036827195467
1.016842105263158
0.058640226628895176
1.0178947368421052
0.05949008498583569
1.0178947368421052
0.0603399433427762
1.0178947368421052
0.06118980169971671
1.0178947368421052
0.06288951841359773
1.0189473684210526
0.06373937677053823
1.0189473684210526
0.06458923512747874
1.0189473684210526
0.06543909348441926
1.02
0.06628895184135977
1.02
0.0679886685552408
1.0210526315789474
0.0688385269121813
1.0210526315789474
0.06968838526912181
1.0210526315789474
0.07053824362606231
1.0210526315789474
0.07138810198300283
1.0221052631578948
0.07223796033994334
1.0221052631578948
0.07393767705382435
1.0221052631578948
0.07478753541076487
1.023157894736842
0.07563739376770538
1.023157894736842
0.0764872521246459
1.023157894736842
0.0773371104815864
1.0242105263157895
0.07818696883852691
1.0242105263157895
0.07988668555240792
1.0242105263157895
0.08073654390934844
1.0252631578947369
0.08158640226628894
1.0252631578947369
0.08243626062322947
1.0252631578947369
0.08328611898016997
1.0252631578947369
0.08498583569405099
1.0263157894736843
0.08583569405099149
1.0263157894736843
0.086685552407932
1.0273684210526315
0.0875354107648725
1.0273684210526315
0.08838526912181302
1.0273684210526315
0.08923512747875355
1.0273684210526315
0.09093484419263456
1.028421052631579
0.09178470254957506
1.028421052631579
0.09263456090651558
1.028421052631579
0.09348441926345609
1.0294736842105263
0.09433427762039659
1.0294736842105263
0.0951841359773371
1.0294736842105263
0.09688385269121813
1.0305263157894737
0.09773371104815864
1.0305263157894737
0.09858356940509914
1.0305263157894737
0.09943342776203966
1.0315789473684212
0.10028328611898016
1.0315789473684212
0.10198300283286119
1.0315789473684212
0.10283286118980169
1.0326315789473683
0.10368271954674221
1.0326315789473683
0.10453257790368271
1.0326315789473683
0.10538243626062323
1.0326315789473683
0.10623229461756374
1.0336842105263158
0.10793201133144475
1.0336842105263158
0.10878186968838525
1.0336842105263158
0.10963172804532577
1.0347368421052632
0.1104815864022663
1.0347368421052632
0.1113314447592068
1.0347368421052632
0.11218130311614731
1.0347368421052632
0.11388101983002832
1.0357894736842106
0.11473087818696884
1.0357894736842106
0.11558073654390934
1.036842105263158
0.11643059490084985
1.036842105263158
0.11728045325779035
1.036842105263158
0.11898016997167138
1.0378947368421052
0.11983002832861189
1.0378947368421052
0.1206798866855524
1.0378947368421052
0.1215297450424929
1.0378947368421052
0.12237960339943342
1.0389473684210526
0.12322946175637392
1.0389473684210526
0.12492917847025496
1.0389473684210526
0.12577903682719546
1.04
0.12662889518413598
1.04
0.12747875354107646
1.04
0.128328611898017
1.04
0.1291784702549575
1.0410526315789475
0.13087818696883852
1.0410526315789475
0.13172804532577903
1.0410526315789475
0.13257790368271954
1.0421052631578949
0.13342776203966006
1.0421052631578949
0.13427762039660054
1.0421052631578949
0.1359773371104816
1.043157894736842
0.13682719546742209
1.043157894736842
0.1376770538243626
1.043157894736842
0.1385269121813031
1.043157894736842
0.13937677053824363
1.0442105263157895
0.1402266288951841
1.0442105263157895
0.14192634560906514
1.0442105263157895
0.14277620396600565
1.045263157894737
0.14362606232294617
1.045263157894737
0.14447592067988668
1.045263157894737
0.1453257790368272
1.045263157894737
0.14617563739376768
1.0463157894736843
0.1478753541076487
1.0463157894736843
0.14872521246458922
1.0463157894736843
0.14957507082152974
1.0473684210526315
0.15042492917847025
1.0473684210526315
0.15127478753541077
1.0473684210526315
0.1529745042492918
1.048421052631579
0.15382436260623228
1.048421052631579
0.1546742209631728
1.048421052631579
0.1555240793201133
1.048421052631579
0.15637393767705382
1.048421052631579
0.15722379603399433
1.0494736842105263
0.15892351274787536
1.0494736842105263
0.15977337110481585
1.0494736842105263
0.16062322946175636
1.0505263157894738
0.16147308781869688
1.0505263157894738
0.1623229461756374
1.0505263157894738
0.16317280453257788
1.0505263157894738
0.16487252124645893
1.0515789473684212
0.16572237960339942
1.0515789473684212
0.16657223796033993
1.0515789473684212
0.16742209631728044
1.0526315789473684
0.16827195467422096
1.0526315789473684
0.16997167138810199
1.0526315789473684
0.1708215297450425
1.0536842105263158
0.17167138810198299
1.0536842105263158
0.17252124645892353
1.0536842105263158
0.173371104815864
1.0536842105263158
0.17422096317280453
1.0547368421052632
0.17592067988668555
1.0547368421052632
0.17677053824362604
1.0547368421052632
0.17762039660056655
1.0557894736842106
0.1784702549575071
1.0557894736842106
0.17932011331444758
1.0557894736842106
0.1801699716713881
1.0557894736842106
0.18186968838526912
1.056842105263158
0.1827195467422096
1.056842105263158
0.18356940509915012
1.056842105263158
0.18441926345609064
1.056842105263158
0.18526912181303115
1.0578947368421052
0.18696883852691218
1.0578947368421052
0.1878186968838527
1.0578947368421052
0.18866855524079318
1.0578947368421052
0.1895184135977337
1.0589473684210526
0.1903682719546742
1.0589473684210526
0.19121813031161472
1.0589473684210526
0.19291784702549575
1.06
0.19376770538243626
1.06
0.19461756373937675
1.06
0.1954674220963173
1.06
0.19631728045325778
1.0610526315789475
0.1971671388101983
1.0610526315789475
0.19886685552407932
1.0610526315789475
0.19971671388101983
1.0610526315789475
0.20056657223796032
1.0621052631578949
0.20141643059490086
1.0621052631578949
0.20226628895184134
1.0621052631578949
0.20396600566572237
1.0621052631578949
0.20481586402266289
1.063157894736842
0.20566572237960337
1.063157894736842
0.20651558073654389
1.063157894736842
0.20736543909348443
1.063157894736842
0.2082152974504249
1.0642105263157895
0.20991501416430594
1.0642105263157895
0.21076487252124645
1.0642105263157895
0.21161473087818694
1.0642105263157895
0.21246458923512748
1.065263157894737
0.213314447592068
1.065263157894737
0.21416430594900848
1.065263157894737
0.2158640226628895
1.065263157894737
0.21671388101983002
1.0663157894736843
0.2175637393767705
1.0663157894736843
0.21841359773371105
1.0663157894736843
0.21926345609065154
1.0663157894736843
0.2209631728045326
1.0673684210526315
0.22181303116147308
1.0673684210526315
0.2226628895184136
1.0673684210526315
0.22351274787535408
1.0673684210526315
0.22436260623229462
1.068421052631579
0.2252124645892351
1.068421052631579
0.22691218130311613
1.068421052631579
0.22776203966005665
1.068421052631579
0.22861189801699716
1.0694736842105264
0.22946175637393768
1.0694736842105264
0.2303116147308782
1.0694736842105264
0.23116147308781868
1.0694736842105264
0.2328611898016997
1.0705263157894738
0.23371104815864022
1.0705263157894738
0.2345609065155807
1.0705263157894738
0.23541076487252124
1.0705263157894738
0.23626062322946176
1.0705263157894738
0.23796033994334276
1.0715789473684212
0.23881019830028327
1.0715789473684212
0.23966005665722379
1.0715789473684212
0.24050991501416427
1.0715789473684212
0.2413597733711048
1.0726315789473684
0.24220963172804533
1.0726315789473684
0.24390934844192635
1.0726315789473684
0.24475920679886684
1.0726315789473684
0.24560906515580735
1.0736842105263158
0.24645892351274784
1.0736842105263158
0.24730878186968838
1.0736842105263158
0.24815864022662887
1.0736842105263158
0.24985835694050992
1.0736842105263158
0.2507082152974504
1.0747368421052632
0.2515580736543909
1.0747368421052632
0.25240793201133144
1.0747368421052632
0.25325779036827195
1.0747368421052632
0.2549575070821529
1.0757894736842106
0.2558073654390935
1.0757894736842106
0.256657223796034
1.0757894736842106
0.25750708215297446
1.0757894736842106
0.258356940509915
1.0757894736842106
0.2592067988668555
1.0757894736842106
0.2609065155807365
1.076842105263158
0.26175637393767703
1.076842105263158
0.26260623229461755
1.076842105263158
0.26345609065155806
1.076842105263158
0.2643059490084986
1.076842105263158
0.2651558073654391
1.0778947368421052
0.2668555240793201
1.0778947368421052
0.26770538243626063
1.0778947368421052
0.2685552407932011
1.0778947368421052
0.2694050991501416
1.0778947368421052
0.2702549575070821
1.0789473684210527
0.2719546742209632
1.0789473684210527
0.27280453257790366
1.0789473684210527
0.27365439093484417
1.0789473684210527
0.2745042492917847
1.0789473684210527
0.2753541076487252
1.08
0.27620396600566566
1.08
0.27790368271954674
1.08
0.27875354107648725
1.08
0.27960339943342777
1.08
0.2804532577903682
1.08
0.28130311614730874
1.0810526315789475
0.28215297450424925
1.0810526315789475
0.2838526912181303
1.0810526315789475
0.2847025495750708
1.0810526315789475
0.2855524079320113
1.0810526315789475
0.2864022662889518
1.0810526315789475
0.28725212464589234
1.082105263157895
0.28895184135977336
1.082105263157895
0.2898016997167139
1.082105263157895
0.2906515580736544
1.082105263157895
0.2915014164305949
1.082105263157895
0.29235127478753536
1.083157894736842
0.2932011331444759
1.083157894736842
0.29490084985835696
1.083157894736842
0.2957507082152974
1.083157894736842
0.29660056657223793
1.083157894736842
0.29745042492917845
1.083157894736842
0.29830028328611896
1.083157894736842
0.3
1.0842105263157895
0.3008498583569405
1.0842105263157895
0.301699716713881
1.0842105263157895
0.30254957507082153
1.0842105263157895
0.303399433427762
1.0842105263157895
0.3042492917847025
1.0842105263157895
0.3059490084985836
1.085263157894737
0.3067988668555241
1.085263157894737
0.30764872521246456
1.085263157894737
0.30849858356940507
1.085263157894737
0.3093484419263456
1.085263157894737
0.3101983002832861
1.085263157894737
0.3118980169971671
1.0863157894736843
0.31274787535410764
1.0863157894736843
0.31359773371104815
1.0863157894736843
0.31444759206798867
1.0863157894736843
0.3152974504249291
1.0863157894736843
0.3169971671388102
1.0863157894736843
0.3178470254957507
1.0863157894736843
0.3186968838526912
1.0863157894736843
0.3195467422096317
1.0863157894736843
0.3203966005665722
1.0863157894736843
0.3212464589235127
1.0863157894736843
0.32294617563739375
1.0873684210526315
0.32379603399433426
1.0873684210526315
0.3246458923512748
1.0873684210526315
0.3254957507082153
1.0873684210526315
0.32634560906515575
1.0873684210526315
0.32719546742209626
1.0873684210526315
0.32889518413597735
1.0873684210526315
0.32974504249291786
1.0873684210526315
0.3305949008498583
1.0873684210526315
0.33144475920679883
1.0873684210526315
0.33229461756373935
1.0873684210526315
0.33399433427762043
1.0873684210526315
0.3348441926345609
1.0873684210526315
0.3356940509915014
1.0873684210526315
0.3365439093484419
1.0873684210526315
0.33739376770538243
1.0873684210526315
0.3382436260623229
1.0873684210526315
0.33994334277620397
1.088421052631579
0.3407932011331445
1.088421052631579
0.341643059490085
1.088421052631579
0.34249291784702546
1.088421052631579
0.34334277620396597
1.088421052631579
0.3441926345609065
1.088421052631579
0.3458923512747875
1.0873684210526315
0.346742209631728
1.0873684210526315
0.34759206798866854
1.0873684210526315
0.34844192634560905
1.0873684210526315
0.34929178470254957
1.0873684210526315
0.3509915014164306
1.0873684210526315
0.3518413597733711
1.0873684210526315
0.3526912181303116
1.0873684210526315
0.3535410764872521
1.0873684210526315
0.3543909348441926
1.0873684210526315
0.3552407932011331
1.0873684210526315
0.3569405099150142
1.0873684210526315
0.35779036827195465
1.0873684210526315
0.35864022662889516
1.0873684210526315
0.3594900849858357
1.0873684210526315
0.3603399433427762
1.0873684210526315
0.36118980169971665
1.0863157894736843
0.36288951841359773
1.0863157894736843
0.36373937677053825
1.0863157894736843
0.36458923512747876
1.0863157894736843
0.3654390934844192
1.0863157894736843
0.36628895184135973
1.0863157894736843
0.3679886685552408
1.085263157894737
0.3688385269121813
1.085263157894737
0.3696883852691218
1.085263157894737
0.3705382436260623
1.085263157894737
0.3713881019830028
1.085263157894737
0.37223796033994333
1.0842105263157895
0.37393767705382436
1.0842105263157895
0.37478753541076487
1.0842105263157895
0.3756373937677054
1.0842105263157895
0.37648725212464584
1.083157894736842
0.37733711048158636
1.083157894736842
0.37818696883852687
1.083157894736842
0.37988668555240795
1.082105263157895
0.3807365439093484
1.082105263157895
0.3815864022662889
1.0810526315789475
0.38243626062322944
1.0810526315789475
0.38328611898016995
1.0810526315789475
0.384985835694051
1.08
0.3858356940509915
1.0789473684210527
0.386685552407932
1.0789473684210527
0.3875354107648725
1.0778947368421052
0.388385269121813
1.0778947368421052
0.3892351274787535
1.076842105263158
0.3909348441926346
1.0757894736842106
0.3917847025495751
1.0757894736842106
0.39263456090651555
1.0747368421052632
0.39348441926345606
1.0747368421052632
0.3943342776203966
1.0736842105263158
0.3951841359773371
1.0736842105263158
