0.3626050420168067
1.060846560846561
0.3638655462184874
1.060846560846561
0.36470588235294116
1.0597883597883597
0.3659663865546218
1.0576719576719578
0.3668067226890756
1.0566137566137566
0.3676470588235294
1.0555555555555556
0.36890756302521005
1.0534391534391534
0.36974789915966383
1.0523809523809524
0.3705882352941176
1.0502645502645502
0.37184873949579833
1.0492063492063493
0.3726890756302521
1.0481481481481483
0.3739495798319328
1.046031746031746
0.37478991596638656
1.044973544973545
0.37563025210084033
1.042857142857143
0.376890756302521
1.041798941798942
0.3777310924369748
1.0396825396825398
0.37899159663865545
1.0386243386243388
0.3798319327731092
1.0365079365079366
0.380672268907563
1.0354497354497354
0.3819327731092437
1.0343915343915344
0.38277310924369745
1.0322751322751322
0.38361344537815123
1.0312169312169313
0.3848739495798319
1.029100529100529
0.3857142857142857
1.028042328042328
0.3869747899159664
1.025925925925926
0.3878151260504202
1.024867724867725
0.38865546218487396
1.0238095238095237
0.3899159663865546
1.0216931216931218
0.3907563025210084
1.0206349206349206
0.3915966386554622
1.0195767195767196
0.39285714285714285
1.0174603174603174
0.3936974789915966
1.0164021164021164
0.3949579831932773
1.0142857142857142
0.3957983193277311
1.0132275132275133
0.39663865546218485
1.0121693121693123
0.3978991596638655
1.01005291005291
0.3987394957983193
1.008994708994709
0.3995798319327731
1.007936507936508
0.4008403361344538
1.005820105820106
0.4016806722689076
1.0047619047619047
0.40294117647058825
1.0037037037037038
0.403781512605042
1.0015873015873016
0.4046218487394958
1.0005291005291006
0.40588235294117647
0.9994708994708995
0.40672268907563025
0.9984126984126984
0.4079831932773109
0.9962962962962963
0.4088235294117647
0.9952380952380953
0.4096638655462185
0.9941798941798943
0.41092436974789914
0.9920634920634921
0.4117647058823529
0.9910052910052911
0.4126050420168067
0.9899470899470899
0.41386554621848737
0.987830687830688
0.41470588235294115
0.9867724867724867
0.4159663865546218
0.9846560846560847
0.4168067226890756
0.9835978835978836
0.4176470588235294
0.9825396825396826
0.4189075630252101
0.9814814814814815
0.4197478991596639
0.9804232804232804
0.42058823529411765
0.9793650793650794
0.4218487394957983
0.9772486772486773
0.4226890756302521
0.9761904761904763
0.42394957983193277
0.9740740740740741
0.42478991596638654
0.9730158730158731
0.4256302521008403
0.971957671957672
0.426890756302521
0.9708994708994709
0.42773109243697477
0.96984126984127
0.4289915966386555
0.9677248677248678
0.42983193277310927
0.9666666666666668
0.43067226890756305
0.9656084656084656
0.4319327731092437
0.9634920634920635
0.4327731092436975
0.9624338624338624
0.4336134453781513
0.9613756613756614
0.43487394957983194
0.9603174603174603
0.4357142857142857
0.9592592592592593
0.4369747899159664
0.9571428571428572
0.43781512605042017
0.9560846560846561
0.43865546218487395
0.9550264550264551
0.4399159663865546
0.9539682539682539
0.4407563025210084
0.9529100529100529
0.44159663865546217
0.9518518518518518
0.44285714285714284
0.9497354497354498
0.4436974789915966
0.9486772486772487
0.4449579831932773
0.9476190476190477
0.4457983193277311
0.9465608465608466
0.4466386554621849
0.9455026455026455
0.44789915966386556
0.9444444444444444
0.44873949579831934
0.9433862433862434
0.4495798319327731
0.9423280423280423
0.4508403361344538
0.9402116402116403
0.45168067226890757
0.9391534391534392
0.45294117647058824
0.9380952380952381
0.453781512605042
0.9370370370370371
0.4546218487394958
0.935978835978836
0.45588235294117646
0.9349206349206349
0.45672268907563024
0.933862433862434
0.4579831932773109
0.9317460317460318
0.4588235294117647
0.9317460317460318
0.4596638655462185
0.9306878306878307
0.4609243697478992
0.9285714285714286
0.46176470588235297
0.9275132275132275
0.46260504201680674
0.9275132275132275
0.4638655462184874
0.9253968253968254
0.4647058823529412
0.9243386243386243
0.46596638655462186
0.9232804232804233
0.46680672268907564
0.9222222222222223
0.4676470588235294
0.9211640211640212
0.4689075630252101
0.9201058201058201
0.46974789915966386
0.9190476190476191
0.47058823529411764
0.917989417989418
0.4718487394957983
0.9169312169312169
0.4726890756302521
0.915873015873016
0.47394957983193275
0.9148148148148149
0.47478991596638653
0.9137566137566138
0.4756302521008403
0.9126984126984128
0.47689075630252103
0.9116402116402116
0.4777310924369748
0.9105820105820106
0.4789915966386555
0.9095238095238096
0.47983193277310926
0.9084656084656084
0.48067226890756304
0.9084656084656084
0.4819327731092437
0.9063492063492063
0.48277310924369754
0.9063492063492063
0.48361344537815126
0.9052910052910053
0.48487394957983193
0.9031746031746032
0.48571428571428577
0.9031746031746032
0.48697478991596643
0.9021164021164021
0.4878151260504202
0.9010582010582011
0.488655462184874
0.9
0.48991596638655466
0.8989417989417989
0.49075630252100844
0.897883597883598
0.4915966386554622
0.8968253968253969
0.4928571428571429
0.8957671957671958
0.49369747899159666
0.8947089947089947
0.49495798319327733
0.8936507936507937
0.4957983193277311
0.8936507936507937
0.4966386554621849
0.8925925925925926
0.49789915966386555
0.8915343915343915
0.49873949579831933
0.8904761904761904
0.4995798319327731
0.8894179894179894
0.5008403361344538
0.8883597883597883
0.5016806722689076
0.8873015873015873
0.5029411764705882
0.8862433862433863
0.503781512605042
0.8851851851851852
0.5046218487394958
0.8851851851851852
0.5058823529411764
0.8841269841269841
0.5067226890756302
0.8830687830687831
0.5079831932773109
0.882010582010582
0.5088235294117647
0.8809523809523809
0.5096638655462185
0.87989417989418
0.5109243697478991
0.8788359788359789
0.5117647058823529
0.8777777777777778
0.5126050420168067
0.8777777777777778
0.5138655462184873
0.8767195767195768
0.5147058823529412
0.8756613756613757
0.5159663865546219
0.8746031746031746
0.5168067226890756
0.8735449735449735
0.5176470588235295
0.8724867724867725
0.5189075630252101
0.8714285714285714
0.5197478991596639
0.8714285714285714
0.5205882352941177
0.8703703703703703
0.5218487394957984
0.8693121693121694
0.5226890756302521
0.8682539682539683
0.5239495798319328
0.8671957671957672
0.5247899159663866
0.8661375661375661
0.5256302521008404
0.8661375661375661
0.526890756302521
0.864021164021164
0.5277310924369748
0.864021164021164
0.5289915966386555
0.8629629629629629
0.5298319327731092
0.861904761904762
