-0.29829545454545453
0.6021680216802168
-0.2974431818181818
0.6043360433604336
-0.29659090909090907
0.605420054200542
-0.29573863636363634
0.6075880758807588
-0.2940340909090909
0.6108401084010839
-0.29318181818181815
0.6119241192411924
-0.2923295454545454
0.6140921409214092
-0.2914772727272727
0.616260162601626
-0.29062499999999997
0.6173441734417344
-0.28977272727272724
0.6195121951219512
-0.28806818181818183
0.6227642276422763
-0.2872159090909091
0.6238482384823848
-0.2863636363636364
0.6260162601626016
-0.28551136363636365
0.62710027100271
-0.2846590909090909
0.6292682926829268
-0.2838068181818182
0.6303523035230352
-0.28210227272727273
0.6336043360433604
-0.28125
0.6357723577235772
-0.28039772727272727
0.6368563685636857
-0.27954545454545454
0.6390243902439025
-0.2786931818181818
0.6401084010840108
-0.2778409090909091
0.6422764227642276
-0.2761363636363636
0.6455284552845528
-0.2752840909090909
0.6466124661246613
-0.27443181818181817
0.6487804878048781
-0.27357954545454544
0.6498644986449864
-0.2727272727272727
0.6520325203252032
-0.27102272727272725
0.6552845528455284
-0.2701704545454545
0.6563685636856369
-0.2693181818181818
0.6585365853658536
-0.26846590909090906
0.659620596205962
-0.26761363636363633
0.6617886178861788
-0.2667613636363636
0.6628726287262873
-0.26505681818181814
0.6661246612466124
-0.2642045454545454
0.6682926829268292
-0.2633522727272727
0.6693766937669376
-0.2625
0.6715447154471544
-0.2616477272727273
0.6726287262872629
-0.26079545454545455
0.6747967479674797
-0.2590909090909091
0.6780487804878048
-0.25823863636363636
0.6791327913279133
-0.25738636363636364
0.6813008130081301
-0.2565340909090909
0.6823848238482385
-0.2556818181818182
0.6845528455284553
-0.25482954545454545
0.6856368563685636
-0.253125
0.6888888888888889
-0.25227272727272726
0.6899728997289972
-0.25142045454545453
0.692140921409214
-0.2505681818181818
0.6932249322493225
-0.24971590909090907
0.6953929539295393
-0.2480113636363636
0.6986449864498645
-0.24715909090909088
0.6997289972899728
-0.24630681818181815
0.7018970189701896
-0.24545454545454543
0.7029810298102981
-0.24460227272727272
0.7051490514905149
-0.24375
0.7062330623306233
-0.24204545454545454
0.7094850948509485
-0.2411931818181818
0.7105691056910569
-0.24034090909090908
0.7127371273712737
-0.23948863636363635
0.7138211382113822
-0.23863636363636362
0.7159891598915988
-0.2377840909090909
0.7170731707317073
-0.23607954545454546
0.7203252032520325
-0.23522727272727273
0.7224932249322493
-0.234375
0.7235772357723577
-0.23352272727272727
0.7257452574525745
-0.23267045454545454
0.7268292682926829
-0.2318181818181818
0.7279132791327914
-0.23011363636363635
0.7311653116531165
-0.22926136363636362
0.7333333333333333
-0.2284090909090909
0.7344173441734417
-0.22755681818181817
0.7365853658536585
-0.22670454545454544
0.737669376693767
-0.22499999999999998
0.7409214092140921
-0.22414772727272725
0.7420054200542006
-0.22329545454545452
0.7441734417344174
-0.2224431818181818
0.7452574525745257
-0.22159090909090906
0.7463414634146341
-0.22073863636363633
0.7485094850948509
-0.2190340909090909
0.7517615176151762
-0.21818181818181817
0.7528455284552845
-0.21732954545454544
0.7550135501355013
-0.21647727272727274
0.7560975609756098
-0.21562499999999998
0.7571815718157182
-0.21477272727272725
0.7593495934959349
-0.2130681818181818
0.7626016260162601
-0.2122159090909091
0.7636856368563686
-0.21136363636363636
0.7647696476964769
-0.21051136363636364
0.7669376693766937
-0.2096590909090909
0.7680216802168022
-0.20880681818181818
0.770189701897019
-0.20710227272727272
0.7723577235772358
-0.20625
0.7745257452574525
-0.20539772727272726
0.775609756097561
-0.20454545454545453
0.7777777777777778
-0.2036931818181818
0.7788617886178861
-0.20284090909090907
0.7799457994579946
-0.2011363636363636
0.7831978319783197
-0.20028409090909088
0.7842818428184282
-0.19943181818181815
0.786449864498645
-0.19857954545454543
0.7875338753387534
-0.19772727272727272
0.7897018970189702
-0.19602272727272724
0.791869918699187
-0.19517045454545454
0.7940379403794038
-0.1943181818181818
0.7951219512195122
-0.19346590909090908
0.7962059620596206
-0.19261363636363635
0.7983739837398374
-0.19176136363636365
0.7994579945799458
-0.1900568181818182
0.802710027100271
-0.18920454545454546
0.8037940379403794
-0.18835227272727273
0.8059620596205962
-0.1875
0.8070460704607045
-0.18664772727272727
0.808130081300813
-0.18579545454545454
0.8102981029810298
-0.18409090909090908
0.8124661246612466
-0.18323863636363635
0.8146341463414635
-0.18238636363636362
0.8157181571815718
-0.1815340909090909
0.8168021680216802
-0.18068181818181817
0.8189701897018971
-0.17982954545454544
0.8200542005420054
-0.17812499999999998
0.8233062330623306
-0.17727272727272725
0.8243902439024391
-0.17642045454545452
0.8254742547425474
-0.1755681818181818
0.8276422764227642
-0.1747159090909091
0.8287262872628727
-0.17301136363636363
0.8319783197831978
-0.1721590909090909
0.8330623306233063
-0.17130681818181817
0.8341463414634146
-0.17045454545454544
0.8363143631436314
-0.1696022727272727
0.8373983739837398
-0.16874999999999998
0.8384823848238483
-0.16704545454545452
0.8417344173441734
-0.1661931818181818
0.8428184281842819
-0.16534090909090907
0.8439024390243902
-0.16448863636363636
0.846070460704607
-0.1636363636363636
0.8471544715447155
-0.1627840909090909
0.8482384823848239
-0.16107954545454545
0.851490514905149
-0.16022727272727272
0.8525745257452575
-0.159375
0.8536585365853658
-0.15852272727272726
0.8558265582655826
-0.15767045454545453
0.8569105691056911
-0.1568181818181818
0.8579945799457994
-0.15511363636363637
0.8612466124661247
-0.1542613636363636
0.8623306233062331
-0.15340909090909088
0.8634146341463415
-0.15255681818181818
0.8644986449864498
-0.15170454545454545
0.8666666666666667
-0.15
0.8688346883468834
-0.14914772727272727
0.8699186991869918
-0.1482954545454545
0.8710027100271003
-0.1474431818181818
0.8731707317073171
-0.14659090909090908
0.8742547425474254
-0.14573863636363635
0.8753387533875339
-0.1440340909090909
0.878590785907859
-0.14318181818181816
0.8796747967479674
-0.14232954545454546
0.8807588075880759
-0.1414772727272727
0.8818428184281843
-0.14062499999999997
0.8829268292682927
-0.13977272727272727
0.8850948509485095
-0.1380681818181818
0.8872628726287263
-0.13721590909090908
0.8883468834688346
-0.13636363636363635
0.8894308943089431
-0.13551136363636362
0.8905149051490515
-0.1346590909090909
0.8926829268292683
-0.13380681818181817
0.8937669376693766
-0.1321022727272727
0.8959349593495936
-0.13124999999999998
0.8970189701897019
-0.13039772727272728
0.8981029810298102
-0.12954545454545452
0.8991869918699187
-0.1286931818181818
0.9013550135501356
-0.1278409090909091
0.9024390243902439
-0.1261363636363636
0.9046070460704607
-0.1252840909090909
0.9056910569105692
-0.12443181818181817
0.9067750677506775
-0.12357954545454544
0.9078590785907859
-0.12272727272727271
0.9089430894308943
-0.12102272727272725
0.9121951219512195
-0.12017045454545452
0.9132791327913279
-0.1193181818181818
0.9143631436314363
-0.11846590909090907
0.9154471544715448
-0.11761363636363636
0.9165311653116531
-0.11676136363636361
0.9176151761517615
-0.11505681818181818
0.9197831978319784
-0.11420454545454545
0.9208672086720868
-0.11335227272727272
0.921951219512195
-0.11249999999999999
0.9230352303523035
-0.11164772727272726
0.924119241192412
-0.11079545454545453
0.9252032520325204
-0.10909090909090907
0.9273712737127371
-0.10823863636363637
0.9284552845528455
-0.10738636363636361
0.929539295392954
-0.10653409090909088
0.9306233062330622
-0.10568181818181818
0.9317073170731707
-0.10482954545454545
0.9327913279132791
-0.103125
0.934959349593496
-0.10227272727272727
0.9360433604336043
-0.10142045454545451
0.9371273712737127
-0.1005681818181818
0.9382113821138212
-0.09971590909090908
0.9392953929539296
-0.09801136363636362
0.9414634146341463
-0.09715909090909089
0.9414634146341463
-0.09630681818181816
0.9425474254742547
-0.09545454545454546
0.9436314363143632
-0.0946022727272727
0.9447154471544716
-0.09374999999999997
0.9457994579945799
-0.09204545454545451
0.9479674796747968
-0.09119318181818178
0.9490514905149052
-0.09034090909090908
0.9490514905149052
-0.08948863636363635
0.9501355013550135
-0.08863636363636362
0.9512195121951219
-0.0877840909090909
0.9523035230352304
-0.08607954545454546
0.9533875338753388
-0.08522727272727271
0.954471544715447
-0.08437499999999998
0.9555555555555555
-0.08352272727272728
0.9566395663956639
-0.08267045454545452
0.9577235772357724
-0.08181818181818179
0.9577235772357724
-0.08011363636363636
0.9598915989159891
-0.0792613636363636
0.9609756097560975
-0.0784090909090909
0.9609756097560975
-0.07755681818181817
0.962059620596206
-0.07670454545454544
0.9631436314363144
-0.07499999999999998
0.9642276422764227
-0.07414772727272725
0.9653116531165311
-0.07329545454545452
0.9653116531165311
-0.0724431818181818
0.9663956639566396
-0.07159090909090907
0.967479674796748
-0.07073863636363636
0.967479674796748
-0.06903409090909088
0.9696476964769647
-0.06818181818181818
0.9696476964769647
-0.06732954545454545
0.9707317073170731
-0.06647727272727269
0.9718157181571816
-0.06562499999999999
0.9718157181571816
-0.06477272727272726
0.97289972899729
-0.0630681818181818
0.9739837398373984
-0.06221590909090907
0.9739837398373984
-0.06136363636363637
0.9750677506775067
-0.06051136363636361
0.9761517615176152
-0.059659090909090884
0.9761517615176152
-0.05880681818181818
0.9772357723577236
-0.057102272727272696
0.978319783197832
-0.056249999999999994
0.978319783197832
-0.055397727272727265
0.9794037940379403
-0.05454545454545451
0.9794037940379403
-0.05369318181818181
0.9804878048780488
-0.05284090909090908
0.9804878048780488
-0.05113636363636362
0.9815718157181572
-0.05028409090909089
0.9826558265582657
-0.04943181818181819
0.9826558265582657
-0.04857954545454546
0.9826558265582657
-0.04772727272727273
0.983739837398374
-0.04602272727272727
0.9848238482384823
-0.04517045454545454
0.9848238482384823
-0.04431818181818181
0.9859078590785908
-0.04346590909090903
0.9859078590785908
-0.042613636363636354
0.9859078590785908
-0.041761363636363624
0.9869918699186992
-0.040056818181818166
0.9880758807588076
-0.039204545454545436
0.9880758807588076
-0.03835227272727271
0.9880758807588076
-0.03749999999999998
0.9891598915989159
-0.03664772727272725
0.9891598915989159
-0.03579545454545452
0.9891598915989159
-0.03409090909090906
0.9902439024390244
-0.03323863636363633
0.9902439024390244
-0.0323863636363636
0.9913279132791328
-0.03153409090909093
0.9913279132791328
-0.030681818181818143
0.9913279132791328
-0.029829545454545414
0.9924119241192412
-0.028124999999999956
0.9924119241192412
-0.027272727272727226
0.9924119241192412
-0.026420454545454553
0.9934959349593496
-0.025568181818181823
0.9934959349593496
-0.02471590909090904
0.9934959349593496
-0.023011363636363635
0.994579945799458
-0.022159090909090906
0.994579945799458
-0.021306818181818177
0.994579945799458
-0.020454545454545447
0.9956639566395664
-0.019602272727272718
0.9956639566395664
-0.01874999999999999
0.9956639566395664
-0.01704545454545453
0.9967479674796749
-0.0161931818181818
0.9967479674796749
-0.015340909090909072
0.9967479674796749
-0.014488636363636342
0.9967479674796749
-0.013636363636363613
0.9978319783197832
-0.01278409090909094
0.9978319783197832
-0.011079545454545425
0.9978319783197832
-0.010227272727272751
0.9978319783197832
-0.009374999999999967
0.9989159891598915
-0.008522727272727237
0.9989159891598915
-0.007670454545454564
0.9989159891598915
-0.006818181818181779
0.9989159891598915
-0.005113636363636376
1.0
-0.004261363636363591
1.0
-0.003409090909090917
1.0
-0.002556818181818188
1.0
-0.001704545454545403
1.0010840108401085
0.0
1.0010840108401085
0.0008522727272727848
1.0010840108401085
