0.4
0.9482758620689655
0.4006872852233677
0.9482758620689655
0.40171821305841926
0.9491379310344827
0.4027491408934708
0.95
0.40378006872852235
0.95
0.4048109965635739
0.9508620689655173
0.40584192439862543
0.9517241379310345
0.406872852233677
0.9525862068965517
0.4079037800687285
0.9525862068965517
0.4089347079037801
0.9534482758620689
0.40996563573883166
0.9543103448275863
0.4109965635738832
0.9551724137931035
0.4116838487972509
0.9551724137931035
0.41271477663230244
0.9560344827586207
0.413745704467354
0.9568965517241379
0.4147766323024055
0.9577586206896552
0.41580756013745707
0.9577586206896552
0.4168384879725086
0.9586206896551724
0.41786941580756015
0.9594827586206897
0.4189003436426117
0.9603448275862069
0.41993127147766324
0.9603448275862069
0.4209621993127148
0.9612068965517242
0.4219931271477663
0.9620689655172414
0.422680412371134
0.9629310344827586
0.42371134020618556
0.9629310344827586
0.42474226804123716
0.9637931034482758
0.4257731958762887
0.9646551724137931
0.42680412371134024
0.9655172413793104
0.4278350515463918
0.9663793103448276
0.42886597938144333
0.9663793103448276
0.4298969072164949
0.9672413793103448
0.4309278350515464
0.968103448275862
0.43195876288659796
0.9689655172413794
0.4329896907216495
0.9689655172413794
0.4336769759450172
0.9698275862068966
0.43470790378006874
0.9706896551724138
0.4357388316151203
0.971551724137931
0.4367697594501718
0.971551724137931
0.43780068728522337
0.9724137931034482
0.4388316151202749
0.9732758620689655
0.43986254295532645
0.9741379310344828
0.440893470790378
0.975
0.4419243986254296
0.975
0.44295532646048114
0.9758620689655173
0.4439862542955327
0.9767241379310345
0.4446735395189004
0.9775862068965517
0.4457044673539519
0.9775862068965517
0.44673539518900346
0.978448275862069
0.447766323024055
0.9793103448275862
0.44879725085910654
0.9801724137931034
0.4498281786941581
0.9810344827586207
0.45085910652920963
0.9818965517241379
0.4518900343642612
0.9818965517241379
0.4529209621993127
0.9827586206896551
0.45395189003436426
0.9836206896551725
0.4549828178694158
0.9844827586206897
0.4556701030927835
0.9853448275862069
0.4567010309278351
0.9853448275862069
0.45773195876288664
0.9862068965517241
0.4587628865979382
0.9870689655172413
0.4597938144329897
0.9879310344827587
0.46082474226804127
0.9887931034482759
0.4618556701030928
0.9896551724137931
0.46288659793814435
0.9905172413793103
0.4639175257731959
0.9913793103448276
0.46494845360824744
0.9922413793103448
0.465979381443299
0.9922413793103448
0.4666666666666667
0.993103448275862
0.4676975945017182
0.9939655172413793
0.46872852233676976
0.9948275862068966
0.4697594501718213
0.9956896551724138
0.47079037800687284
0.996551724137931
0.4718213058419244
0.9974137931034482
0.47285223367697593
0.9982758620689655
0.4738831615120275
0.9991379310344828
0.47491408934707907
1.0
0.4759450171821306
1.0008620689655172
0.47697594501718216
1.0017241379310344
0.47766323024054985
1.0017241379310344
0.4786941580756014
1.0025862068965516
0.47972508591065294
1.0034482758620689
0.4807560137457045
1.0051724137931035
0.481786941580756
1.0060344827586207
0.48281786941580757
1.006896551724138
0.4838487972508591
1.0077586206896552
0.48487972508591065
1.0086206896551724
0.4859106529209622
1.0094827586206896
0.4869415807560138
1.0103448275862068
0.48797250859106533
1.0120689655172415
0.48865979381443303
1.0120689655172415
0.4896907216494846
1.013793103448276
0.4907216494845361
1.014655172413793
0.49175257731958766
1.0155172413793103
0.4927835051546392
1.0163793103448275
0.49381443298969074
1.018103448275862
0.4948453608247423
1.0189655172413792
0.49587628865979383
1.0198275862068966
0.49690721649484537
1.021551724137931
0.4979381443298969
1.0224137931034483
0.49896907216494846
1.0232758620689655
0.5
1.025
0.5006872852233677
1.0258620689655171
0.5017182130584192
1.0267241379310346
0.5027491408934708
1.028448275862069
0.5037800687285223
1.0293103448275862
0.5048109965635739
1.0310344827586206
0.5058419243986254
1.032758620689655
0.506872852233677
1.0336206896551725
0.5079037800687285
1.035344827586207
0.50893470790378
1.0362068965517242
0.5099656357388316
1.0379310344827586
0.5109965635738831
1.039655172413793
0.5116838487972508
1.0405172413793102
0.5127147766323024
1.0422413793103449
0.5137457044673539
1.043103448275862
0.5147766323024054
1.0448275862068965
0.515807560137457
1.046551724137931
0.5168384879725086
1.0482758620689654
0.5178694158075602
1.05
0.5189003436426117
1.0508620689655173
0.5199312714776633
1.0525862068965517
0.5209621993127148
1.0543103448275861
0.5219931271477664
1.0560344827586206
0.522680412371134
1.056896551724138
0.5237113402061856
1.0586206896551724
0.5247422680412371
1.0603448275862069
0.5257731958762887
1.0620689655172413
0.5268041237113402
1.063793103448276
0.5278350515463918
1.0655172413793104
0.5288659793814433
1.0672413793103448
0.5298969072164949
1.0689655172413792
0.5309278350515464
1.0706896551724139
0.5319587628865979
1.0724137931034483
0.5329896907216495
1.0741379310344827
0.5336769759450172
1.075
0.5347079037800687
1.0767241379310344
0.5357388316151203
1.078448275862069
0.5367697594501718
1.0801724137931035
0.5378006872852233
1.081896551724138
0.5388316151202749
1.0836206896551723
0.5398625429553264
1.0853448275862068
