0.4151166965888689
0.9345
0.4159784560143626
0.9347916666666667
0.41684021543985633
0.9350833333333333
0.4179892280071813
0.935375
0.418850987432675
0.9356666666666666
0.42
0.93625
0.4208617594254937
0.9365416666666666
0.42201077199281867
0.9368333333333333
0.4228725314183124
0.937125
0.42402154398563735
0.9377083333333334
0.42488330341113106
0.938
0.426032315978456
0.9382916666666666
0.4268940754039497
0.9385833333333333
0.42804308797127466
0.9391666666666667
0.4289048473967684
0.9394583333333333
0.43005385996409334
0.93975
0.43091561938958706
0.9400416666666667
0.432064631956912
0.9403333333333334
0.43292639138240574
0.9409166666666666
0.43407540394973065
0.9412083333333333
0.4349371633752244
0.9415
0.43608617594254934
0.9417916666666667
0.43694793536804305
0.942375
0.438096947935368
0.9426666666666667
0.43895870736086173
0.9429583333333333
0.4401077199281867
0.94325
0.4409694793536804
0.9435416666666666
0.4421184919210054
0.944125
0.4429802513464991
0.9444166666666667
0.4438420107719928
0.9447083333333334
0.4449910233393177
0.945
0.44585278276481144
0.9455833333333333
0.4470017953321364
0.945875
0.4478635547576301
0.9461666666666666
0.4490125673249551
0.9464583333333333
0.4498743267504488
0.94675
0.4510233393177738
0.9473333333333334
0.4518850987432675
0.9476249999999999
0.45303411131059246
0.9479166666666666
0.45389587073608617
0.9482083333333333
0.4550448833034111
0.9487916666666667
0.4559066427289048
0.9490833333333333
0.45705565529622977
0.949375
0.4579174147217235
0.9496666666666667
0.45906642728904845
0.95025
0.45992818671454216
0.9505416666666666
0.46107719928186713
0.9508333333333333
0.46193895870736085
0.951125
0.4630879712746858
0.9517083333333334
0.46394973070017953
0.952
0.46509874326750444
0.9522916666666666
0.46596050269299816
0.9525833333333333
0.4671095152603231
0.9531666666666667
0.46797127468581684
0.9534583333333333
0.4691202872531418
0.95375
0.4699820466786355
0.9540416666666667
0.47084380610412924
0.9543333333333334
0.4719928186714542
0.9549166666666666
0.4728545780969479
0.9552083333333333
0.47400359066427283
0.9555
0.4748653500897666
0.9557916666666666
0.4760143626570915
0.956375
0.47687612208258523
0.9566666666666667
0.4780251346499102
0.9569583333333334
0.4788868940754039
0.95725
0.4800359066427289
0.9578333333333333
0.4808976660682226
0.958125
0.48204667863554757
0.9584166666666667
0.4829084380610413
0.9587083333333333
0.4840574506283662
0.9592916666666667
0.48491921005385996
0.9595833333333333
0.4860682226211849
0.959875
0.4869299820466786
0.9601666666666666
0.48807899461400356
0.96075
0.48894075403949727
0.9610416666666667
0.49008976660682224
0.9613333333333334
0.49095152603231595
0.961625
0.49210053859964087
0.9622083333333333
0.4929622980251346
0.9625
0.4941113105924596
0.9627916666666667
0.4949730700179533
0.9630833333333333
0.49612208258527823
0.9636666666666667
0.49698384201077195
0.9639583333333334
0.49784560143626566
0.96425
0.49899461400359063
0.9645416666666666
0.49985637342908434
0.9648333333333333
0.5010053859964093
0.9654166666666666
0.501867145421903
0.9657083333333334
0.5030161579892279
0.966
0.5038779174147217
0.9662916666666667
0.5050269299820467
0.966875
0.5058886894075404
0.9671666666666666
0.5070377019748653
0.9674583333333333
0.507899461400359
0.96775
0.5090484739676839
0.9683333333333334
0.5099102333931776
0.9686250000000001
0.5110592459605027
0.9689166666666666
0.5119210053859964
0.9692083333333333
0.5130700179533213
0.9697916666666666
0.513931777378815
0.9700833333333334
0.51508078994614
0.970375
0.5159425493716338
0.9706666666666667
0.5170915619389587
0.97125
0.5179533213644524
0.9715416666666666
0.5191023339317773
0.9718333333333333
0.519964093357271
0.972125
0.521113105924596
0.9724166666666667
0.5219748653500897
0.973
0.5231238779174147
0.9732916666666667
0.5239856373429084
0.9735833333333334
0.5248473967684021
0.973875
0.5259964093357271
0.9744583333333333
0.5268581687612208
0.97475
0.5280071813285457
0.9750416666666667
0.5288689407540395
0.9753333333333334
0.5300179533213644
0.975625
0.5308797127468581
0.9762083333333333
0.5320287253141831
0.9765
0.5328904847396768
0.9767916666666667
0.5340394973070017
0.9770833333333333
0.5349012567324954
0.9776666666666667
0.5360502692998204
0.9779583333333334
0.5369120287253142
0.9782500000000001
0.5380610412926391
0.9785416666666666
0.5389228007181328
0.9788333333333333
0.5400718132854577
0.9794166666666666
0.5409335727109514
0.9797083333333334
0.5420825852782765
0.98
0.5429443447037702
0.9802916666666667
0.5440933572710951
0.9808749999999999
0.5449551166965888
0.9811666666666666
0.5461041292639137
0.9814583333333333
0.5469658886894075
0.98175
0.5481149012567325
0.9823333333333333
0.5489766606822262
0.982625
0.5501256732495511
0.9829166666666667
0.5509874326750448
0.9832083333333334
0.5518491921005386
0.9835
0.5529982046678635
0.9840833333333333
0.5538599640933572
0.984375
0.5550089766606822
0.9846666666666667
0.5558707360861759
0.9849583333333334
0.5570197486535009
0.9855416666666666
0.5578815080789945
0.9858333333333333
0.5590305206463195
0.986125
0.5598922800718132
0.9864166666666667
0.5610412926391382
0.987
0.5619030520646319
0.9872916666666667
0.5630520646319569
0.9875833333333334
0.5639138240574506
0.9878750000000001
0.5650628366247755
0.9884583333333333
0.5659245960502692
0.98875
0.5670736086175943
0.9890416666666666
0.5679353680430879
0.9893333333333334
0.5690843806104129
0.9899166666666667
0.5699461400359066
0.9902083333333334
0.5710951526032315
0.9904999999999999
0.5719569120287252
0.9907916666666666
0.5731059245960501
0.991375
0.573967684021544
0.9916666666666667
0.5751166965888689
0.9919583333333333
0.5759784560143626
0.99225
