0.052039966694421326
0.9786764705882353
0.053039134054954216
0.9786029411764706
0.0540383014154871
0.9786029411764706
0.05503746877602
0.9785294117647059
0.05603663613655288
0.9784558823529411
0.05703580349708577
0.9783823529411765
0.05803497085761866
0.9783088235294117
0.05903413821815155
0.9782352941176471
0.060033305578684436
0.9782352941176471
0.061032472939217326
0.9781617647058823
0.06203164029975022
0.9780882352941176
0.0630308076602831
0.978014705882353
0.06402997502081599
0.9779411764705882
0.06502914238134888
0.9778676470588236
0.06602830974188179
0.9778676470588236
0.06702747710241466
0.9777941176470588
0.06802664446294755
0.9777205882352941
0.06902581182348044
0.9776470588235294
0.07002497918401333
0.9776470588235294
0.07102414654454622
0.9775735294117647
0.0720233139050791
0.9775
0.073022481265612
0.9774264705882353
0.07402164862614488
0.9773529411764705
0.07502081598667777
0.9773529411764705
0.07601998334721066
0.9772794117647059
0.07701915070774355
0.9772058823529411
0.07801831806827644
0.9771323529411764
0.07901748542880933
0.9771323529411764
0.08001665278934222
0.9770588235294118
0.08101582014987511
0.976985294117647
0.082014987510408
0.9769117647058824
0.0830141548709409
0.9769117647058824
0.08401332223147379
0.9768382352941176
0.08501248959200666
0.9767647058823529
0.08601165695253955
0.9767647058823529
0.08701082431307244
0.9766911764705882
0.08800999167360533
0.9766176470588235
0.08900915903413822
0.9766176470588235
0.09000832639467111
0.9765441176470588
0.091007493755204
0.9764705882352941
0.0920066611157369
0.9763970588235293
0.09300582847626979
0.9763970588235293
0.09400499583680268
0.9763235294117647
0.09500416319733555
0.9763235294117647
0.09600333055786844
0.97625
0.09700249791840133
0.9761764705882353
0.09800166527893422
0.9761764705882353
0.09900083263946712
0.9761029411764706
0.1
0.9761029411764706
0.1009991673605329
0.9760294117647058
0.10199833472106579
0.9759558823529412
0.10299750208159868
0.9759558823529412
0.10399666944213157
0.9758823529411764
0.10499583680266446
0.9758823529411764
0.10599500416319733
0.9758088235294118
0.10699417152373022
0.975735294117647
0.10799333888426312
0.975735294117647
0.108992506244796
0.9756617647058823
0.1099916736053289
0.9756617647058823
0.11099084096586179
0.9755882352941176
0.11199000832639468
0.9755882352941176
0.11298917568692757
0.9755147058823529
0.11398834304746046
0.9755147058823529
0.11498751040799335
0.9754411764705883
0.11598667776852623
0.9754411764705883
0.11698584512905912
0.9754411764705883
0.117985012489592
0.9753676470588235
0.1189841798501249
0.9753676470588235
0.11998334721065779
0.9752941176470588
0.12098251457119068
0.9752941176470588
0.12198168193172357
0.9752205882352941
0.12298084929225646
0.9752205882352941
0.12398001665278935
0.9752205882352941
0.12497918401332224
0.9751470588235294
0.12597835137385513
0.9751470588235294
0.126977518734388
0.9750735294117647
0.1279766860949209
0.9750735294117647
0.1289758534554538
0.9750735294117647
0.1299750208159867
0.975
0.13097418817651957
0.975
0.13197335553705247
0.975
0.13297252289758535
0.9749264705882352
0.13397169025811823
0.9749264705882352
0.13497085761865113
0.9749264705882352
0.13597002497918403
0.9748529411764706
0.1369691923397169
0.9748529411764706
0.1379683597002498
0.9748529411764706
0.1389675270607827
0.9747794117647058
0.13996669442131557
0.9747794117647058
0.14096586178184844
0.9747794117647058
0.14196502914238135
0.9747794117647058
0.14296419650291425
0.9747058823529412
0.14396336386344713
0.9747058823529412
0.14496253122398
0.9747058823529412
0.1459616985845129
0.9747058823529412
0.1469608659450458
0.9746323529411764
0.1479600333055787
0.9746323529411764
0.14895920066611157
0.9746323529411764
0.14995836802664447
0.9746323529411764
0.15095753538717735
0.9746323529411764
0.15195670274771023
0.9745588235294117
0.15295587010824313
0.9745588235294117
0.15395503746877603
0.9745588235294117
0.1549542048293089
0.9745588235294117
0.1559533721898418
0.9745588235294117
0.1569525395503747
0.9745588235294117
0.15795170691090757
0.9744852941176471
0.15895087427144047
0.9744852941176471
0.15995004163197335
0.9744852941176471
0.16094920899250625
0.9744852941176471
0.16194837635303913
0.9744852941176471
0.162947543713572
0.9744852941176471
0.1639467110741049
0.9744117647058823
0.16494587843463782
0.9744117647058823
0.1659450457951707
0.9744117647058823
0.16694421315570357
0.9744117647058823
0.16794338051623647
0.9744117647058823
0.16894254787676938
0.9744117647058823
0.16994171523730223
0.9744117647058823
0.17094088259783513
0.9744117647058823
0.17194004995836804
0.9744117647058823
0.1729392173189009
0.9743382352941177
0.1739383846794338
0.9743382352941177
0.1749375520399667
0.9743382352941177
0.1759367194004996
0.9743382352941177
0.17693588676103247
0.9743382352941177
0.17793505412156535
0.9743382352941177
0.17893422148209825
0.9743382352941177
0.17993338884263116
0.9743382352941177
0.18093255620316404
0.9743382352941177
0.1819317235636969
0.9743382352941177
0.18293089092422982
0.9743382352941177
0.1839300582847627
0.9743382352941177
0.18492922564529557
0.9743382352941177
0.18592839300582847
0.9743382352941177
0.18692756036636135
0.9743382352941177
0.18792672772689425
0.9743382352941177
0.18892589508742713
0.9742647058823529
0.18992506244796004
0.9742647058823529
0.1909242298084929
0.9742647058823529
0.19192339716902582
0.9742647058823529
0.1929225645295587
0.9742647058823529
0.1939217318900916
0.9742647058823529
0.19492089925062447
0.9742647058823529
0.19592006661115735
0.9742647058823529
0.19691923397169026
0.9742647058823529
0.19791840133222316
0.9742647058823529
0.198917568692756
0.9742647058823529
0.1999167360532889
0.9742647058823529
0.20091590341382182
0.9742647058823529
0.2019150707743547
0.9742647058823529
0.20291423813488757
0.9742647058823529
0.20391340549542047
0.9742647058823529
0.20491257285595338
0.9742647058823529
0.20591174021648626
0.9742647058823529
0.20691090757701913
0.9742647058823529
0.20791007493755204
0.9742647058823529
0.20890924229808494
0.9742647058823529
0.2099084096586178
0.9742647058823529
0.2109075770191507
0.9742647058823529
0.2119067443796836
0.9742647058823529
0.21290591174021647
0.9742647058823529
0.21390507910074935
0.9742647058823529
0.21490424646128226
0.9742647058823529
0.21590341382181516
0.9742647058823529
0.21690258118234804
0.9742647058823529
0.2179017485428809
0.9742647058823529
0.21890091590341382
0.9742647058823529
0.21990008326394672
0.9742647058823529
0.22089925062447957
0.9742647058823529
0.22189841798501247
0.9742647058823529
0.22289758534554538
0.9742647058823529
0.22389675270607826
0.9742647058823529
0.22489592006661113
0.9742647058823529
0.22589508742714404
0.9742647058823529
0.2268942547876769
0.9743382352941177
0.22789342214820982
0.9743382352941177
0.22889258950874272
0.9743382352941177
0.2298917568692756
0.9743382352941177
0.23089092422980848
0.9743382352941177
0.23189009159034138
0.9743382352941177
0.23288925895087426
0.9743382352941177
0.23388842631140713
0.9743382352941177
0.23488759367194004
0.9743382352941177
0.2358867610324729
0.9743382352941177
0.23688592839300582
0.9743382352941177
0.23788509575353872
0.9743382352941177
0.2388842631140716
0.9743382352941177
0.23988343047460448
0.9743382352941177
0.24088259783513738
0.9743382352941177
0.24188176519567026
0.9743382352941177
0.24288093255620313
0.9743382352941177
0.24388009991673607
0.9743382352941177
0.24487926727726894
0.9743382352941177
0.24587843463780182
0.9743382352941177
0.24687760199833472
0.9743382352941177
0.2478767693588676
0.9744117647058823
0.24887593671940048
0.9744117647058823
0.24987510407993338
0.9744117647058823
0.25087427144046626
0.9744117647058823
0.25187343880099916
0.9744117647058823
0.25287260616153207
0.9744117647058823
0.2538717735220649
0.9744117647058823
0.2548709408825978
0.9744117647058823
0.2558701082431307
0.9744117647058823
0.25686927560366357
0.9744117647058823
0.2578684429641965
0.9744117647058823
0.2588676103247294
0.9744117647058823
0.2598667776852623
0.9744117647058823
0.2608659450457952
0.9744117647058823
0.26186511240632804
0.9744117647058823
0.26286427976686094
0.9744117647058823
0.26386344712739385
0.9744852941176471
0.2648626144879267
0.9744852941176471
0.2658617818484596
0.9744852941176471
0.2668609492089925
0.9744852941176471
0.26786011656952535
0.9744852941176471
0.2688592839300583
0.9744852941176471
0.26985845129059116
0.9744852941176471
0.270857618651124
0.9744852941176471
0.27185678601165697
0.9744852941176471
0.2728559533721898
0.9744852941176471
0.27385512073272267
0.9744852941176471
0.2748542880932556
0.9744852941176471
0.2758534554537885
0.9744852941176471
0.2768526228143214
0.9744852941176471
0.2778517901748543
0.9744852941176471
0.27885095753538713
0.9745588235294117
0.27985012489592004
0.9745588235294117
0.28084929225645294
0.9745588235294117
0.2818484596169858
0.9745588235294117
0.28284762697751875
0.9745588235294117
0.2838467943380516
0.9745588235294117
0.2848459616985845
0.9745588235294117
0.2858451290591174
0.9745588235294117
0.28684429641965026
0.9745588235294117
0.28784346378018316
0.9745588235294117
0.28884263114071607
0.9745588235294117
0.2898417985012489
0.9745588235294117
0.2908409658617819
0.9745588235294117
0.2918401332223147
0.9745588235294117
0.29283930058284763
0.9745588235294117
0.29383846794338053
0.9745588235294117
0.2948376353039134
0.9745588235294117
0.2958368026644463
0.9746323529411764
0.2968359700249792
0.9746323529411764
0.29783513738551204
0.9746323529411764
0.298834304746045
0.9746323529411764
0.29983347210657785
0.9746323529411764
0.3008326394671107
0.9746323529411764
0.30183180682764366
0.9746323529411764
0.3028309741881765
0.9746323529411764
0.30383014154870935
0.9746323529411764
0.30482930890924226
0.9746323529411764
0.30582847626977516
0.9746323529411764
0.30682764363030807
0.9746323529411764
0.30782681099084097
0.9746323529411764
0.3088259783513738
0.9746323529411764
0.3098251457119067
0.9746323529411764
0.31082431307243963
0.9746323529411764
0.3118234804329725
0.9746323529411764
0.3128226477935054
0.9746323529411764
0.3138218151540383
0.9746323529411764
0.3148209825145712
0.9746323529411764
0.3158201498751041
0.9747058823529412
0.31681931723563694
0.9747058823529412
0.31781848459616985
0.9747058823529412
0.31881765195670275
0.9747058823529412
0.3198168193172356
0.9747058823529412
0.3208159866777685
0.9747058823529412
0.3218151540383014
0.9747058823529412
0.32281432139883426
0.9747058823529412
0.3238134887593672
0.9747058823529412
0.32481265611990007
0.9747058823529412
0.3258118234804329
0.9747058823529412
0.3268109908409659
0.9747058823529412
0.3278101582014987
0.9747058823529412
0.3288093255620316
0.9747058823529412
0.32980849292256453
0.9747058823529412
0.3308076602830974
0.9747058823529412
0.3318068276436303
0.9747058823529412
0.3328059950041632
0.9747058823529412
0.33380516236469604
0.9747058823529412
0.33480432972522894
0.9747058823529412
0.33580349708576185
0.9747058823529412
0.3368026644462947
0.9747058823529412
0.33780183180682766
0.9747058823529412
0.3388009991673605
0.9747058823529412
0.3398001665278934
0.9747794117647058
0.3407993338884263
0.9747794117647058
0.34179850124895916
0.9747794117647058
0.34279766860949207
0.9747794117647058
0.34379683597002497
0.9747794117647058
0.3447960033305578
0.9747794117647058
0.3457951706910908
0.9747794117647058
0.34679433805162363
0.9747794117647058
0.3477935054121565
0.9747794117647058
0.34879267277268944
0.9747794117647058
0.3497918401332223
0.9747794117647058
0.35079100749375514
0.9747794117647058
0.3517901748542881
0.9747794117647058
0.35278934221482094
0.9747794117647058
0.3537885095753538
0.9747794117647058
0.35478767693588675
0.9747794117647058
0.3557868442964196
0.9747794117647058
0.35678601165695256
0.9747794117647058
0.3577851790174854
0.9747794117647058
0.35878434637801826
0.9747794117647058
0.3597835137385512
0.9747794117647058
0.36078268109908407
0.9747794117647058
0.3617818484596169
0.9747794117647058
0.3627810158201499
0.9747794117647058
0.3637801831806827
0.9747794117647058
0.3647793505412156
0.9747794117647058
0.36577851790174853
0.9747794117647058
0.3667776852622814
0.9747794117647058
0.36777685262281423
0.9748529411764706
0.3687760199833472
0.9748529411764706
0.36977518734388004
0.9748529411764706
0.3707743547044129
0.9748529411764706
0.37177352206494585
0.9748529411764706
0.3727726894254788
0.9748529411764706
0.37377185678601166
0.9748529411764706
0.3747710241465445
0.9748529411764706
0.37577019150707747
0.9748529411764706
0.3767693588676103
0.9748529411764706
0.37776852622814316
0.9748529411764706
0.3787676935886761
0.9748529411764706
0.379766860949209
0.9748529411764706
0.3807660283097418
0.9748529411764706
0.3817651956702748
0.9748529411764706
0.38276436303080763
0.9748529411764706
0.3837635303913405
0.9748529411764706
0.38476269775187344
0.9748529411764706
0.3857618651124063
0.9748529411764706
0.38676103247293914
0.9748529411764706
0.3877601998334721
0.9748529411764706
0.38875936719400495
0.9748529411764706
0.3897585345545379
0.9748529411764706
0.39075770191507075
0.9748529411764706
0.3917568692756036
0.9748529411764706
0.39275603663613656
0.9748529411764706
0.3937552039966694
0.9748529411764706
0.39475437135720226
0.9748529411764706
0.3957535387177352
0.9748529411764706
0.39675270607826807
0.9748529411764706
0.3977518734388009
0.9748529411764706
0.3987510407993339
0.9748529411764706
0.3997502081598667
0.9748529411764706
0.4007493755203996
0.9748529411764706
0.40174854288093254
0.9748529411764706
0.4027477102414654
0.9749264705882352
0.40374687760199834
0.9749264705882352
0.4047460449625312
0.9749264705882352
0.40574521232306415
0.9749264705882352
0.406744379683597
0.9749264705882352
0.40774354704412985
0.9749264705882352
0.4087427144046628
0.9749264705882352
0.40974188176519566
0.9749264705882352
0.4107410491257285
0.9749264705882352
0.41174021648626147
0.9749264705882352
0.4127393838467943
0.9749264705882352
0.41373855120732717
0.9749264705882352
0.4147377185678601
0.9749264705882352
0.415736885928393
0.9749264705882352
0.4167360532889258
0.9749264705882352
0.4177352206494588
0.9749264705882352
0.41873438800999163
0.9749264705882352
0.4197335553705246
0.9749264705882352
0.42073272273105744
0.9749264705882352
0.4217318900915903
0.975
0.42273105745212325
0.975
0.4237302248126561
0.975
0.42472939217318895
0.975
0.4257285595337219
0.975
0.42672772689425476
0.975
0.4277268942547876
0.975
0.42872606161532056
0.975
0.4297252289758534
0.975
0.43072439633638626
0.975
0.4317235636969192
0.975
0.43272273105745207
0.975
0.4337218984179849
0.975
0.4347210657785179
0.975
0.4357202331390507
0.9750735294117647
0.4367194004995837
0.9750735294117647
0.43771856786011654
0.9750735294117647
0.4387177352206494
0.9750735294117647
0.43971690258118235
0.9750735294117647
0.4407160699417152
0.9750735294117647
0.44171523730224804
0.9750735294117647
0.442714404662781
0.9750735294117647
0.44371357202331385
0.9750735294117647
0.4447127393838467
0.9750735294117647
0.44571190674437966
0.9750735294117647
0.4467110741049125
0.9750735294117647
0.44771024146544536
0.9751470588235294
0.4487094088259783
0.9751470588235294
0.44970857618651117
0.9751470588235294
0.4507077435470441
0.9751470588235294
0.451706910907577
0.9751470588235294
0.45270607826810993
0.9751470588235294
0.4537052456286428
0.9751470588235294
0.45470441298917563
0.9751470588235294
0.4557035803497086
0.9751470588235294
0.45670274771024144
0.9751470588235294
0.4577019150707743
0.9752205882352941
0.45870108243130725
0.9752205882352941
0.4597002497918401
0.9752205882352941
0.46069941715237295
0.9752205882352941
0.4616985845129059
0.9752205882352941
0.46269775187343876
0.9752205882352941
0.4636969192339716
0.9752205882352941
0.46469608659450456
0.9752205882352941
0.4656952539550374
0.9752205882352941
0.4666944213155704
0.9752205882352941
0.4676935886761032
0.9752205882352941
0.46869275603663607
0.9752941176470588
0.46969192339716903
0.9752941176470588
0.4706910907577019
0.9752941176470588
0.47169025811823473
0.9752941176470588
0.4726894254787677
0.9752941176470588
0.47368859283930054
0.9752941176470588
0.4746877601998334
0.9752941176470588
0.47568692756036635
0.9752941176470588
0.4766860949208992
0.9752941176470588
0.47768526228143204
0.9753676470588235
0.478684429641965
0.9753676470588235
0.47968359700249785
0.9753676470588235
0.4806827643630307
0.9753676470588235
0.48168193172356366
0.9753676470588235
0.4826810990840966
0.9753676470588235
0.48368026644462947
0.9753676470588235
0.4846794338051623
0.9753676470588235
0.4856786011656953
0.9753676470588235
0.4866777685262281
0.9753676470588235
0.487676935886761
0.9754411764705883
0.48867610324729394
0.9754411764705883
0.4896752706078268
0.9754411764705883
0.49067443796835963
0.9754411764705883
0.4916736053288926
0.9754411764705883
0.49267277268942544
0.9754411764705883
0.4936719400499583
0.9754411764705883
0.49467110741049125
0.9754411764705883
0.4956702747710241
0.9754411764705883
0.49666944213155706
0.9755147058823529
0.4976686094920899
0.9755147058823529
0.49866777685262276
0.9755147058823529
0.4996669442131557
0.9755147058823529
0.5006661115736886
0.9755147058823529
0.5016652789342214
0.9755147058823529
0.5026644462947544
0.9755147058823529
0.5036636136552872
0.9755147058823529
0.5046627810158201
0.9755147058823529
0.505661948376353
0.9755147058823529
0.5066611157368859
0.9755882352941176
0.5076602830974187
0.9755882352941176
0.5086594504579517
0.9755882352941176
0.5096586178184845
0.9755882352941176
0.5106577851790174
0.9755882352941176
0.5116569525395503
0.9755882352941176
0.5126561199000832
0.9755882352941176
0.5136552872606162
0.9755882352941176
0.514654454621149
0.9755882352941176
0.5156536219816819
0.9756617647058823
0.5166527893422148
0.9756617647058823
0.5176519567027477
0.9756617647058823
0.5186511240632805
0.9756617647058823
0.5196502914238135
0.9756617647058823
0.5206494587843463
0.9756617647058823
0.5216486261448792
0.9756617647058823
0.5226477935054121
0.9756617647058823
0.523646960865945
0.9756617647058823
0.5246461282264778
0.9756617647058823
0.5256452955870108
0.975735294117647
0.5266444629475436
0.975735294117647
0.5276436303080765
0.975735294117647
0.5286427976686094
0.975735294117647
0.5296419650291424
0.975735294117647
0.5306411323896753
0.975735294117647
0.5316402997502081
0.975735294117647
0.5326394671107411
0.975735294117647
0.5336386344712739
0.975735294117647
0.5346378018318068
0.975735294117647
0.5356369691923397
0.9758088235294118
0.5366361365528726
0.9758088235294118
0.5376353039134054
0.9758088235294118
0.5386344712739384
0.9758088235294118
0.5396336386344712
0.9758088235294118
0.5406328059950041
0.9758088235294118
0.541631973355537
0.9758088235294118
0.5426311407160699
0.9758088235294118
0.5436303080766028
0.9758088235294118
0.5446294754371357
0.9758088235294118
0.5456286427976685
0.9758823529411764
0.5466278101582015
0.9758823529411764
0.5476269775187343
0.9758823529411764
0.5486261448792672
0.9758823529411764
0.5496253122398002
0.9758823529411764
0.550624479600333
0.9758823529411764
0.5516236469608659
0.9758823529411764
0.5526228143213988
0.9758823529411764
0.5536219816819317
0.9758823529411764
0.5546211490424645
0.9758823529411764
0.5556203164029975
0.9759558823529412
0.5566194837635303
0.9759558823529412
0.5576186511240632
0.9759558823529412
0.5586178184845961
0.9759558823529412
0.5596169858451291
0.9759558823529412
0.5606161532056619
0.9759558823529412
0.5616153205661948
0.9759558823529412
0.5626144879267277
0.9759558823529412
0.5636136552872606
0.9759558823529412
0.5646128226477934
0.9759558823529412
0.5656119900083264
0.9759558823529412
0.5666111573688593
0.9760294117647058
0.5676103247293921
0.9760294117647058
0.5686094920899251
0.9760294117647058
0.5696086594504579
0.9760294117647058
0.5706078268109908
0.9760294117647058
0.5716069941715237
0.9760294117647058
0.5726061615320566
0.9760294117647058
0.5736053288925894
0.9760294117647058
0.5746044962531224
0.9760294117647058
0.5756036636136552
0.9760294117647058
0.5766028309741882
0.9760294117647058
0.577601998334721
0.9760294117647058
0.5786011656952539
0.9761029411764706
0.5796003330557868
0.9761029411764706
0.5805995004163197
0.9761029411764706
0.5815986677768525
0.9761029411764706
0.5825978351373855
0.9761029411764706
0.5835970024979183
0.9761029411764706
0.5845961698584512
0.9761029411764706
0.5855953372189842
0.9761029411764706
0.586594504579517
0.9761029411764706
0.5875936719400499
0.9761029411764706
0.5885928393005828
0.9761029411764706
0.5895920066611157
0.9761029411764706
0.5905911740216486
0.9761029411764706
0.5915903413821815
0.9761029411764706
0.5925895087427143
0.9761764705882353
0.5935886761032473
0.9761764705882353
0.5945878434637801
0.9761764705882353
0.595587010824313
0.9761764705882353
0.5965861781848459
0.9761764705882353
0.5975853455453788
0.9761764705882353
0.5985845129059116
0.9761764705882353
0.600083263946711
0.9761764705882353
0.6010824313072439
0.9761764705882353
0.6020815986677768
0.9761764705882353
0.6030807660283096
0.9761764705882353
0.6040799333888426
0.9761764705882353
0.6050791007493754
0.9761764705882353
0.6060782681099083
0.9761764705882353
0.6070774354704412
0.97625
0.6080766028309741
0.97625
0.6090757701915069
0.97625
0.6100749375520399
0.97625
0.6110741049125727
0.97625
0.6120732722731056
0.97625
0.6130724396336387
0.97625
0.6140716069941715
0.97625
0.6150707743547044
0.97625
0.6160699417152373
0.97625
0.6170691090757702
0.97625
0.618068276436303
0.97625
0.6190674437968359
0.97625
0.6200666111573688
0.97625
0.6210657785179017
0.97625
0.6220649458784345
0.97625
0.6230641132389675
0.97625
0.6240632805995003
0.9763235294117647
0.6250624479600332
0.9763235294117647
0.6260616153205661
0.9763235294117647
0.627060782681099
0.9763235294117647
0.6280599500416318
0.9763235294117647
0.6290591174021648
0.9763235294117647
0.6300582847626977
0.9763235294117647
0.6310574521232305
0.9763235294117647
0.6320566194837635
0.9763235294117647
0.6330557868442963
0.9763235294117647
0.6340549542048292
0.9763235294117647
0.6350541215653621
0.9763235294117647
0.636053288925895
0.9763235294117647
0.6370524562864278
0.9763235294117647
0.6380516236469608
0.9763235294117647
0.6390507910074936
0.9763235294117647
0.6400499583680265
0.9763235294117647
0.6410491257285594
0.9763235294117647
0.6420482930890923
0.9763235294117647
0.6430474604496251
0.9763235294117647
0.6440466278101582
0.9763970588235293
0.645045795170691
0.9763970588235293
0.6460449625312239
0.9763970588235293
0.6470441298917569
0.9763970588235293
0.6480432972522897
0.9763970588235293
0.6490424646128226
0.9763970588235293
0.6500416319733555
0.9763970588235293
0.6510407993338884
0.9763970588235293
0.6520399666944212
0.9763970588235293
0.6530391340549542
0.9763970588235293
0.654038301415487
0.9763970588235293
0.6550374687760199
0.9763970588235293
0.6560366361365528
0.9763970588235293
0.6570358034970857
0.9763970588235293
0.6580349708576185
0.9763970588235293
0.6590341382181515
0.9763970588235293
0.6600333055786843
0.9763970588235293
0.6610324729392172
0.9763970588235293
0.6620316402997501
0.9763970588235293
0.663030807660283
0.9763970588235293
0.6640299750208158
0.9763970588235293
0.6650291423813488
0.9763970588235293
0.6660283097418817
0.9764705882352941
0.6670274771024145
0.9764705882352941
0.6680266444629475
0.9764705882352941
0.6690258118234803
0.9764705882352941
0.6700249791840132
0.9764705882352941
0.6710241465445461
0.9764705882352941
0.672023313905079
0.9764705882352941
0.6730224812656118
0.9764705882352941
0.6740216486261448
0.9764705882352941
0.6750208159866776
0.9764705882352941
0.6760199833472106
0.9764705882352941
0.6770191507077435
0.9764705882352941
0.6780183180682764
0.9764705882352941
0.6790174854288092
0.9764705882352941
0.6800166527893422
0.9764705882352941
0.681015820149875
0.9764705882352941
0.6820149875104079
0.9764705882352941
0.6830141548709409
0.9764705882352941
0.6840133222314737
0.9764705882352941
0.6850124895920066
0.9764705882352941
0.6860116569525395
0.9764705882352941
0.6870108243130724
0.9764705882352941
0.6880099916736052
0.9764705882352941
0.6890091590341382
0.9764705882352941
0.690008326394671
0.9764705882352941
0.6910074937552039
0.9764705882352941
0.6920066611157368
0.9764705882352941
0.6930058284762697
0.9764705882352941
0.6940049958368025
0.9764705882352941
0.6950041631973355
0.9764705882352941
0.6960033305578683
0.9764705882352941
0.6970024979184012
0.9764705882352941
0.6980016652789341
0.9764705882352941
0.699000832639467
0.9764705882352941
0.6999999999999998
0.9764705882352941
0.7009991673605328
0.9764705882352941
0.7019983347210657
0.9764705882352941
0.7029975020815985
0.9764705882352941
0.7039966694421315
0.9764705882352941
0.7049958368026643
0.9764705882352941
0.7059950041631972
0.9764705882352941
0.7069941715237302
0.9764705882352941
0.7079933388842631
0.9764705882352941
0.7089925062447959
0.9764705882352941
0.7099916736053289
0.9764705882352941
0.7109908409658617
0.9764705882352941
0.7119900083263946
0.9764705882352941
0.7129891756869275
0.9764705882352941
0.7139883430474604
0.9764705882352941
0.7149875104079932
0.9764705882352941
0.7159866777685262
0.9764705882352941
0.716985845129059
0.9764705882352941
0.7179850124895919
0.9764705882352941
0.7189841798501249
0.9764705882352941
0.7199833472106577
0.9764705882352941
0.7209825145711906
0.9764705882352941
0.7219816819317235
0.9764705882352941
0.7229808492922564
0.9764705882352941
0.7239800166527892
0.9764705882352941
0.7249791840133222
0.9764705882352941
0.725978351373855
0.9764705882352941
0.7269775187343879
0.9764705882352941
0.7279766860949208
0.9764705882352941
0.7289758534554537
0.9763970588235293
0.7299750208159865
0.9763970588235293
0.7309741881765195
0.9763970588235293
0.7319733555370523
0.9763970588235293
0.7329725228975852
0.9763970588235293
0.7339716902581181
0.9763970588235293
0.734970857618651
0.9763970588235293
0.7359700249791838
0.9763970588235293
0.7369691923397168
0.9763970588235293
0.7379683597002498
0.9763970588235293
0.7389675270607826
0.9763970588235293
0.7399666944213156
0.9763970588235293
0.7409658617818484
0.9763970588235293
0.7419650291423813
0.9763970588235293
0.7429641965029142
0.9763970588235293
0.7439633638634471
0.9763970588235293
0.7449625312239799
0.9763970588235293
0.7459616985845129
0.9763970588235293
0.7469608659450457
0.9763235294117647
0.7479600333055786
0.9763235294117647
0.7489592006661115
0.9763235294117647
0.7499583680266444
0.9763235294117647
0.7509575353871772
0.9763235294117647
0.7519567027477102
0.9763235294117647
0.752955870108243
0.9763235294117647
0.7539550374687759
0.9763235294117647
0.7549542048293089
0.97625
0.7559533721898417
0.97625
0.7569525395503746
0.97625
0.7579517069109075
0.97625
0.7589508742714404
0.97625
0.7599500416319732
0.97625
0.7609492089925062
0.97625
0.761948376353039
0.9761764705882353
0.7629475437135719
0.9761764705882353
0.7639467110741048
0.9761764705882353
0.7649458784346377
0.9761764705882353
0.7659450457951705
0.9761764705882353
0.7669442131557034
0.9761764705882353
0.7679433805162363
0.9761029411764706
0.7689425478767693
0.9761029411764706
0.7699417152373021
0.9761029411764706
0.7709408825978351
0.9761029411764706
0.771940049958368
0.9761029411764706
0.7729392173189008
0.9761029411764706
0.7739383846794338
0.9760294117647058
0.7749375520399666
0.9760294117647058
0.7759367194004995
0.9760294117647058
0.7769358867610324
0.9760294117647058
0.7779350541215653
0.9760294117647058
0.7789342214820981
0.9760294117647058
0.7799333888426311
0.9759558823529412
0.7809325562031639
0.9759558823529412
0.7819317235636968
0.9759558823529412
0.7829308909242297
0.9759558823529412
0.7839300582847626
0.9759558823529412
0.7849292256452954
0.9758823529411764
0.7859283930058284
0.9758823529411764
0.7869275603663612
0.9758823529411764
0.7879267277268941
0.9758823529411764
0.788925895087427
0.9758823529411764
0.7899250624479599
0.9758823529411764
0.7909242298084928
0.9758088235294118
0.7919233971690257
0.9758088235294118
0.7929225645295586
0.9758088235294118
0.7939217318900914
0.9758088235294118
0.7949208992506244
0.9758088235294118
