0.0
1.0002479338842976
0.0009787928221859706
1.0002479338842976
0.001957585644371941
1.0002479338842976
0.002936378466557912
1.0002479338842976
0.003915171288743882
1.0002479338842976
0.004893964110929854
1.0002479338842976
0.005872756933115824
1.0
0.006851549755301794
1.0
0.007830342577487765
1.0
0.008809135399673736
1.0
0.009787928221859707
1.0
0.010766721044045677
1.0
0.011745513866231648
0.9997520661157024
0.01272430668841762
0.9997520661157024
0.013703099510603589
0.9997520661157024
0.01468189233278956
0.9997520661157024
0.01566068515497553
0.9997520661157024
0.0166394779771615
0.999504132231405
0.017618270799347472
0.999504132231405
0.01859706362153344
0.999504132231405
0.019575856443719414
0.999504132231405
0.020554649265905382
0.999504132231405
0.021533442088091354
0.999504132231405
0.022512234910277325
0.9992561983471074
0.02398042414355628
0.9992561983471074
0.02495921696574225
0.9992561983471074
0.02593800978792822
0.9992561983471074
0.026916802610114192
0.9992561983471074
0.027895595432300163
0.9990082644628099
0.02887438825448613
0.9990082644628099
0.029853181076672106
0.9990082644628099
0.030831973898858073
0.9990082644628099
0.03181076672104404
0.9990082644628099
0.03278955954323001
0.9990082644628099
0.033768352365415984
0.9987603305785124
0.03474714518760196
0.9987603305785124
0.035725938009787926
0.9987603305785124
0.0367047308319739
0.9987603305785124
0.03768352365415987
0.9987603305785124
0.03866231647634584
0.9985123966942149
0.03964110929853181
0.9985123966942149
0.04061990212071778
0.9985123966942149
0.04159869494290375
0.9985123966942149
0.042577487765089725
0.9985123966942149
0.043556280587275696
0.9982644628099173
0.04453507340946166
0.9982644628099173
0.04551386623164763
0.9982644628099173
0.04698205546492659
0.9982644628099173
0.04796084828711256
0.9982644628099173
0.04893964110929853
0.9980165289256199
0.0499184339314845
0.9980165289256199
0.05089722675367048
0.9980165289256199
0.05187601957585644
0.9980165289256199
0.05285481239804241
0.9980165289256199
0.053833605220228384
0.9977685950413223
0.054812398042414355
0.9977685950413223
0.055791190864600326
0.9977685950413223
0.0567699836867863
0.9977685950413223
0.05774877650897226
0.9977685950413223
0.05872756933115824
0.9975206611570248
0.05970636215334421
0.9975206611570248
0.060685154975530176
0.9975206611570248
0.06166394779771615
0.9975206611570248
0.06264274061990212
0.9975206611570248
0.06362153344208808
0.9972727272727273
0.06460032626427406
0.9972727272727273
0.06557911908646002
0.9972727272727273
0.066557911908646
0.9972727272727273
0.06753670473083197
0.9970247933884298
0.06851549755301793
0.9970247933884298
0.0699836867862969
0.9970247933884298
0.07096247960848287
0.9970247933884298
0.07194127243066883
0.9967768595041322
0.07292006525285481
0.9967768595041322
0.07389885807504078
0.9967768595041322
0.07487765089722674
0.9967768595041322
0.07585644371941272
0.9965289256198347
0.0768352365415987
0.9965289256198347
0.07781402936378466
0.9965289256198347
0.07879282218597064
0.9965289256198347
0.0797716150081566
0.9962809917355372
0.08075040783034257
0.9962809917355372
0.08172920065252855
0.9962809917355372
0.08270799347471451
0.9962809917355372
0.08368678629690048
0.9960330578512396
0.08466557911908647
0.9960330578512396
0.08564437194127243
0.9960330578512396
0.0866231647634584
0.9960330578512396
0.08760195758564437
0.9957851239669422
0.08858075040783034
0.9957851239669422
0.0895595432300163
0.9957851239669422
0.09053833605220228
0.9957851239669422
0.09151712887438825
0.9955371900826446
0.09298531810766722
0.9955371900826446
0.09396411092985318
0.9955371900826446
0.09494290375203915
0.9952892561983471
0.09592169657422513
0.9952892561983471
0.09690048939641109
0.9952892561983471
0.09787928221859706
0.9950413223140496
0.09885807504078303
0.9950413223140496
0.099836867862969
0.9950413223140496
0.10081566068515498
0.9950413223140496
0.10179445350734095
0.9947933884297521
0.10277324632952692
0.9947933884297521
0.10375203915171288
0.9947933884297521
0.10473083197389886
0.9945454545454545
0.10570962479608483
0.9945454545454545
0.10668841761827079
0.9945454545454545
0.10766721044045677
0.9945454545454545
0.10864600326264273
0.9942975206611571
0.10962479608482871
0.9942975206611571
0.11060358890701469
0.9942975206611571
0.11158238172920065
0.9940495867768595
0.11256117455138662
0.9940495867768595
0.1135399673735726
0.9940495867768595
0.11451876019575856
0.993801652892562
0.1159869494290375
0.993801652892562
0.1169657422512235
0.9935537190082645
0.11794453507340946
0.9935537190082645
0.11892332789559543
0.9935537190082645
0.1199021207177814
0.9935537190082645
0.12088091353996737
0.9933057851239669
0.12185970636215333
0.9933057851239669
0.12283849918433931
0.9930578512396694
0.12381729200652528
0.9930578512396694
0.12479608482871124
0.9930578512396694
0.12577487765089723
0.9928099173553719
0.1267536704730832
0.9928099173553719
0.12773246329526916
0.9928099173553719
0.12871125611745513
0.9925619834710744
0.12969004893964112
0.9925619834710744
0.13066884176182708
0.9925619834710744
0.13164763458401305
0.9923140495867768
0.132626427406199
0.9923140495867768
0.13360522022838497
0.9920661157024794
0.13458401305057094
0.9920661157024794
0.13556280587275693
0.9920661157024794
0.1365415986949429
0.9918181818181818
0.1375203915171289
0.9918181818181818
0.13898858075040785
0.9915702479338843
0.1399673735725938
0.9915702479338843
0.14094616639477978
0.9915702479338843
0.14192495921696574
0.9913223140495868
0.1429037520391517
0.9913223140495868
0.14388254486133767
0.9910743801652893
0.14486133768352366
0.9910743801652893
0.14584013050570963
0.9908264462809917
0.1468189233278956
0.9908264462809917
0.14779771615008155
0.9908264462809917
0.14877650897226752
0.9905785123966943
0.14975530179445348
0.9905785123966943
0.15073409461663947
0.9903305785123967
0.15171288743882544
0.9903305785123967
0.1526916802610114
0.9903305785123967
0.1536704730831974
0.9900826446280991
0.15464926590538336
0.9900826446280991
0.15562805872756932
0.9898347107438017
0.15660685154975532
0.9898347107438017
0.15758564437194128
0.9895867768595041
0.15856443719412724
0.9895867768595041
0.1595432300163132
0.9893388429752066
0.16052202283849917
0.9893388429752066
0.16199021207177813
0.9890909090909091
0.1629690048939641
0.9890909090909091
0.16394779771615006
0.9888429752066116
0.16492659053833603
0.9888429752066116
0.16590538336052202
0.988595041322314
0.16688417618270798
0.988595041322314
0.16786296900489395
0.9883471074380166
0.1688417618270799
0.9883471074380166
0.1698205546492659
0.9883471074380166
0.17079934747145187
0.988099173553719
0.17177814029363786
0.988099173553719
0.17275693311582382
0.9878512396694215
0.1737357259380098
0.9878512396694215
0.17471451876019575
0.9876033057851239
0.17569331158238172
0.9876033057851239
0.17667210440456768
0.9873553719008265
0.17765089722675367
0.9873553719008265
0.17862969004893964
0.9871074380165289
0.1796084828711256
0.9871074380165289
0.18058727569331157
0.9868595041322314
0.18156606851549753
0.9868595041322314
0.1825448613376835
0.9866115702479339
0.1835236541598695
0.9863636363636363
0.18499184339314842
0.9863636363636363
0.18597063621533444
0.9861157024793389
0.1869494290375204
0.9861157024793389
0.18792822185970637
0.9858677685950413
0.18890701468189233
0.9858677685950413
0.1898858075040783
0.9856198347107438
0.19086460032626426
0.9856198347107438
0.19184339314845025
0.9853719008264463
0.19282218597063622
0.9851239669421488
0.19380097879282218
0.9851239669421488
0.19477977161500815
0.9848760330578512
0.1957585644371941
0.9848760330578512
0.19673735725938007
0.9846280991735537
0.19771615008156607
0.9846280991735537
0.19869494290375203
0.9843801652892562
0.199673735725938
0.9841322314049586
0.20065252854812396
0.9841322314049586
0.20163132137030995
0.9838842975206612
0.20261011419249592
0.9838842975206612
0.2035889070146819
0.9836363636363636
0.20456769983686787
0.9836363636363636
0.20554649265905384
0.9833884297520661
0.2065252854812398
0.9831404958677685
0.20799347471451876
0.9831404958677685
0.20897226753670473
0.9828925619834711
0.2099510603588907
0.9826446280991735
0.21092985318107665
0.9826446280991735
0.21190864600326262
0.9823966942148761
0.2128874388254486
0.9823966942148761
0.21386623164763457
0.9821487603305785
0.21484502446982054
0.981900826446281
0.2158238172920065
0.981900826446281
0.21680261011419247
0.9816528925619834
0.21778140293637843
0.981404958677686
0.21876019575856445
0.981404958677686
0.21973898858075042
0.9811570247933884
0.22071778140293638
0.9811570247933884
0.22169657422512234
0.980909090909091
0.2226753670473083
0.9806611570247934
0.22365415986949427
0.9806611570247934
0.22463295269168027
0.9804132231404958
0.22561174551386623
0.9801652892561983
0.2265905383360522
0.9801652892561983
0.22756933115823816
0.9799173553719008
0.22854812398042412
0.9799173553719008
0.2295269168026101
0.9796694214876033
0.23099510603588905
0.9794214876033057
0.231973898858075
0.9791735537190083
0.232952691680261
0.9789256198347107
0.233931484502447
0.9789256198347107
0.23491027732463296
0.9786776859504132
0.23588907014681892
0.9784297520661157
0.2368678629690049
0.9784297520661157
0.23784665579119085
0.9781818181818182
0.23882544861337685
0.9779338842975206
0.2398042414355628
0.9779338842975206
0.24078303425774877
0.9776859504132231
0.24176182707993474
0.9774380165289256
0.2427406199021207
0.9774380165289256
0.24371941272430667
0.977190082644628
0.24469820554649266
0.9769421487603306
0.24567699836867862
0.9769421487603306
0.2466557911908646
0.976694214876033
0.24763458401305055
0.9764462809917355
0.24861337683523652
0.976198347107438
0.24959216965742248
0.976198347107438
0.25057096247960847
0.9759504132231405
0.25154975530179446
0.9757024793388429
0.2525285481239804
0.9754545454545455
0.25399673735725936
0.9752066115702479
0.25497553017944535
0.9749586776859503
0.2559543230016313
0.9749586776859503
0.2569331158238173
0.9747107438016529
0.2579119086460033
0.9744628099173553
0.2588907014681892
0.9744628099173553
0.2598694942903752
0.9742148760330578
0.26084828711256114
0.9739669421487603
0.26182707993474713
0.9737190082644628
0.2628058727569331
0.9734710743801652
0.26378466557911906
0.9734710743801652
0.26476345840130505
0.9732231404958678
0.265742251223491
0.9729752066115702
0.266721044045677
0.9727272727272727
0.2676998368678629
0.9724793388429752
0.2686786296900489
0.9724793388429752
0.2696574225122349
0.9722314049586777
0.27063621533442084
0.9719834710743801
0.27161500815660683
0.9717355371900827
0.27259380097879277
0.9714876033057851
0.27357259380097876
0.9714876033057851
0.2745513866231648
0.9712396694214875
0.27553017944535074
0.9709917355371901
0.2769983686786297
0.9707438016528925
0.2779771615008157
0.970495867768595
0.27895595432300163
0.9702479338842975
0.2799347471451876
0.97
0.28091353996737356
0.9697520661157024
0.28189233278955955
0.969504132231405
0.28287112561174554
0.969504132231405
0.2838499184339315
0.9692561983471074
0.2848287112561175
0.9690082644628099
0.2858075040783034
0.9687603305785124
0.2867862969004894
0.9685123966942148
0.28776508972267534
0.9682644628099173
0.28874388254486133
0.9680165289256198
0.2897226753670473
0.9677685950413223
0.29070146818923326
0.9675206611570247
0.29168026101141925
0.9675206611570247
0.2926590538336052
0.9672727272727273
0.2936378466557912
0.9670247933884297
0.29461663947797717
0.9667768595041322
0.2955954323001631
0.9665289256198347
0.2965742251223491
0.9662809917355372
0.29755301794453504
0.9660330578512396
0.29853181076672103
0.9657851239669422
0.3
0.9655371900826446
0.3009787928221859
0.965289256198347
0.3019575856443719
0.9650413223140496
0.30293637846655785
0.964793388429752
0.30391517128874385
0.9645454545454545
0.30489396411092984
0.964297520661157
0.3058727569331158
0.9640495867768595
0.3068515497553018
0.9638016528925619
0.30783034257748776
0.9635537190082645
0.30880913539967375
0.9633057851239669
0.30978792822185974
0.9630578512396694
0.3107667210440457
0.9628099173553719
0.31174551386623167
0.9625619834710744
0.3127243066884176
0.9623140495867768
0.3137030995106036
0.9620661157024794
0.31468189233278954
0.9618181818181818
0.31566068515497553
0.9615702479338842
0.3166394779771615
0.9613223140495868
0.31761827079934746
0.9610743801652892
0.31859706362153345
0.9608264462809917
0.3195758564437194
0.9605785123966942
0.3205546492659054
0.9603305785123967
0.32153344208809137
0.9600826446280991
0.3225122349102773
0.9598347107438017
0.32398042414355627
0.9593388429752066
0.32495921696574226
0.9590909090909091
0.3259380097879282
0.9588429752066115
0.3269168026101142
0.958595041322314
0.3278955954323001
0.9583471074380165
0.3288743882544861
0.958099173553719
0.32985318107667205
0.9578512396694214
0.33083197389885804
0.957603305785124
0.33181076672104404
0.9573553719008264
0.33278955954323
0.9571074380165289
0.33376835236541597
0.9568595041322314
0.3347471451876019
0.9566115702479339
0.3357259380097879
0.9563636363636363
0.3367047308319739
0.9558677685950413
0.3376835236541598
0.9556198347107437
0.33866231647634587
0.9553719008264463
0.3396411092985318
0.9551239669421487
0.3406199021207178
0.9548760330578512
0.34159869494290374
0.9546280991735536
0.3425774877650897
0.9543801652892562
0.3435562805872757
0.9541322314049586
0.34453507340946166
0.9538842975206611
0.34551386623164765
0.9533884297520661
0.3469820554649266
0.9531404958677685
0.34796084828711255
0.952892561983471
0.34893964110929854
0.9526446280991735
0.3499184339314845
0.9521487603305785
0.35089722675367047
0.9519008264462809
0.35187601957585646
0.9516528925619834
0.3528548123980424
0.9514049586776859
0.3538336052202284
0.9511570247933884
0.3548123980424143
0.9509090909090908
0.3557911908646003
0.9506611570247934
0.3567699836867863
0.9501652892561983
0.35774877650897224
0.9499173553719008
0.35872756933115824
0.9496694214876032
0.3597063621533442
0.9494214876033057
0.36068515497553016
0.9491735537190082
0.3616639477977161
0.9489256198347107
0.3626427406199021
0.9484297520661157
0.3636215334420881
0.9481818181818181
0.364600326264274
0.9479338842975206
0.36557911908646
0.9476859504132231
0.36655791190864595
0.9474380165289256
0.36753670473083194
0.947190082644628
0.36851549755301793
0.946694214876033
0.36998368678629684
0.9464462809917354
0.3709624796084829
0.9459504132231404
0.3719412724306689
0.9457024793388429
0.3729200652528548
0.9454545454545454
0.3738988580750408
0.9452066115702479
0.37487765089722674
0.9449586776859503
0.37585644371941274
0.9444628099173553
0.3768352365415987
0.9442148760330578
0.37781402936378466
0.9439669421487603
0.37879282218597066
0.9437190082644628
0.3797716150081566
0.9434710743801652
0.3807504078303426
0.9432231404958678
0.3817292006525285
0.9427272727272726
0.3827079934747145
0.9424793388429752
0.3836867862969005
0.9422314049586776
0.38466557911908644
0.9419834710743801
0.38564437194127243
0.9417355371900826
0.38662316476345837
0.9412396694214875
0.38760195758564436
0.9409917355371901
0.3885807504078303
0.9407438016528925
0.3895595432300163
0.940495867768595
0.3905383360522023
0.9402479338842975
