-0.39107142857142857
0.8812145748987854
-0.3900974025974026
0.8821862348178138
-0.3891233766233766
0.882914979757085
-0.38814935064935063
0.8838866396761134
-0.3871753246753247
0.8846153846153846
-0.3862012987012987
0.885587044534413
-0.38522727272727275
0.8863157894736842
-0.38425324675324674
0.8872874493927125
-0.3832792207792208
0.8880161943319838
-0.3823051948051948
0.8889878542510121
-0.3808441558441559
0.8902024291497975
-0.37987012987012986
0.8911740890688259
-0.3788961038961039
0.8919028340080972
-0.37792207792207794
0.8928744939271255
-0.3769480519480519
0.8936032388663968
-0.37597402597402596
0.894331983805668
-0.375
0.8953036437246964
-0.37402597402597404
0.8960323886639676
-0.3730519480519481
0.897004048582996
-0.37207792207792206
0.8977327935222672
-0.3711038961038961
0.8984615384615384
-0.3701298701298701
0.8994331983805668
-0.3691558441558441
0.900161943319838
-0.36818181818181817
0.9011336032388664
-0.3672077922077922
0.9018623481781376
-0.36623376623376624
0.9025910931174089
-0.3652597402597403
0.9033198380566801
-0.36428571428571427
0.9042914979757085
-0.3633116883116883
0.9050202429149797
-0.36185064935064937
0.9062348178137651
-0.36087662337662335
0.9069635627530365
-0.3599025974025974
0.9076923076923077
-0.35892857142857143
0.9084210526315789
-0.35795454545454547
0.9091497975708502
-0.35698051948051945
0.9098785425101215
-0.3560064935064935
0.9108502024291498
-0.35503246753246753
0.911578947368421
-0.3540584415584416
0.9123076923076923
-0.35308441558441556
0.9130364372469636
-0.3521103896103896
0.9137651821862348
-0.35113636363636364
0.914493927125506
-0.3501623376623377
0.9152226720647774
-0.34918831168831166
0.9159514170040486
-0.3482142857142857
0.9166801619433198
-0.34724025974025974
0.9174089068825911
-0.3462662337662338
0.9178947368421053
-0.3452922077922078
0.9186234817813765
-0.3443181818181818
0.9193522267206478
-0.34285714285714286
0.9203238866396761
-0.3418831168831169
0.9210526315789473
-0.3409090909090909
0.9217813765182187
-0.3399350649350649
0.9225101214574899
-0.33896103896103896
0.9229959514170041
-0.337987012987013
0.9237246963562753
-0.337012987012987
0.9244534412955465
-0.336038961038961
0.9249392712550607
-0.33506493506493507
0.925668016194332
-0.3340909090909091
0.9263967611336033
-0.3331168831168831
0.9268825910931174
-0.33214285714285713
0.9276113360323887
-0.33116883116883117
0.9280971659919028
-0.3301948051948052
0.9288259109311741
-0.3292207792207792
0.9293117408906882
-0.32824675324675323
0.9300404858299595
-0.32727272727272727
0.9307692307692308
-0.3262987012987013
0.931255060728745
-0.3248376623376623
0.9322267206477732
-0.32386363636363635
0.9327125506072874
-0.3228896103896104
0.9331983805668016
-0.32191558441558443
0.9339271255060728
-0.3209415584415584
0.934412955465587
-0.31996753246753246
0.9351417004048583
-0.3189935064935065
0.9356275303643725
-0.31801948051948054
0.9361133603238866
-0.3170454545454545
0.9368421052631579
-0.31607142857142856
0.9373279352226721
-0.3150974025974026
0.9378137651821863
-0.31412337662337664
0.9382995951417004
-0.3131493506493506
0.9390283400809717
-0.31217532467532466
0.9395141700404859
-0.3112012987012987
0.94
-0.31022727272727274
0.9404858299595141
-0.3092532467532467
0.9412145748987855
-0.30827922077922076
0.9417004048582995
-0.3073051948051948
0.9421862348178137
-0.3058441558441558
0.942914979757085
-0.30487012987012985
0.9434008097165992
-0.3038961038961039
0.9438866396761134
-0.3029220779220779
0.9446153846153846
-0.3019480519480519
0.9451012145748988
-0.30097402597402595
0.945587044534413
-0.3
0.9460728744939271
-0.29902597402597403
0.9465587044534413
-0.29805194805194807
0.9470445344129554
-0.29707792207792205
0.9475303643724696
-0.2961038961038961
0.9480161943319838
-0.29512987012987013
0.948502024291498
-0.29415584415584417
0.9489878542510122
-0.29318181818181815
0.9494736842105262
-0.2922077922077922
0.9497165991902834
-0.29123376623376623
0.9502024291497976
-0.2902597402597403
0.9506882591093118
-0.28928571428571426
0.951174089068826
-0.2883116883116883
0.9516599190283401
-0.28685064935064936
0.9523886639676113
-0.28587662337662334
0.9528744939271255
-0.2849025974025974
0.9531174089068826
-0.2839285714285714
0.9536032388663968
-0.28295454545454546
0.9540890688259109
-0.28198051948051944
0.9545748987854251
-0.2810064935064935
0.9550607287449393
-0.2800324675324675
0.9553036437246963
-0.27905844155844156
0.9557894736842105
-0.27808441558441555
0.9562753036437247
-0.2771103896103896
0.9565182186234817
-0.2761363636363636
0.9570040485829959
-0.27516233766233766
0.9574898785425101
-0.2741883116883117
0.9579757085020243
-0.2732142857142857
0.9582186234817813
-0.2722402597402597
0.9587044534412955
-0.27126623376623377
0.9589473684210527
-0.27029220779220775
0.9594331983805668
-0.2693181818181818
0.9599190283400809
-0.26785714285714285
0.9604048582995951
-0.2668831168831169
0.9608906882591093
-0.2659090909090909
0.9611336032388664
-0.2649350649350649
0.9616194331983806
-0.26396103896103895
0.9618623481781376
-0.262987012987013
0.9623481781376518
-0.262012987012987
0.9625910931174089
-0.261038961038961
0.963076923076923
-0.26006493506493505
0.9633198380566802
-0.2590909090909091
0.9638056680161944
-0.2581168831168831
0.9640485829959514
-0.2571428571428571
0.9642914979757085
-0.25616883116883116
0.9647773279352226
-0.2551948051948052
0.9650202429149798
-0.25422077922077924
0.965506072874494
-0.2532467532467532
0.965748987854251
-0.25227272727272726
0.965991902834008
-0.2512987012987013
0.9664777327935222
-0.24983766233766233
0.9669635627530364
-0.24886363636363634
0.9672064777327936
-0.24788961038961038
0.9674493927125506
-0.2469155844155844
0.9679352226720648
-0.24594155844155843
0.9681781376518219
-0.24496753246753245
0.968421052631579
-0.24399350649350648
0.9689068825910931
-0.2430194805194805
0.9691497975708502
-0.24204545454545454
0.9693927125506072
-0.24107142857142855
0.9698785425101215
-0.2400974025974026
0.9701214574898785
-0.23912337662337663
0.9703643724696356
-0.23814935064935064
0.9706072874493927
-0.23717532467532465
0.9710931174089069
-0.2362012987012987
0.971336032388664
-0.2352272727272727
0.9715789473684211
-0.23425324675324674
0.9718218623481781
-0.23327922077922075
0.9723076923076923
-0.2323051948051948
0.9725506072874494
-0.23084415584415582
0.9730364372469635
-0.22987012987012986
0.9732793522267207
-0.22889610389610388
0.9735222672064777
-0.22792207792207791
0.9737651821862348
-0.22694805194805193
0.9742510121457489
-0.22597402597402597
0.9744939271255061
-0.22499999999999998
0.9747368421052631
-0.22402597402597402
0.9752226720647773
-0.22305194805194803
0.9752226720647773
-0.22207792207792204
0.9754655870445345
-0.22110389610389608
0.9757085020242915
-0.22012987012987012
0.9759514170040485
-0.21915584415584413
0.9761943319838057
-0.21818181818181814
0.9764372469635627
-0.21720779220779218
0.9766801619433199
-0.21623376623376622
0.9769230769230769
-0.21525974025974026
0.977165991902834
-0.21428571428571425
0.977165991902834
-0.21331168831168829
0.9774089068825911
-0.21185064935064934
0.9778947368421053
-0.21087662337662336
0.9781376518218623
-0.20990259740259737
0.9781376518218623
-0.2089285714285714
0.9783805668016194
-0.20795454545454545
0.9786234817813765
-0.20698051948051946
0.9788663967611336
-0.20600649350649347
0.9791093117408907
-0.2050324675324675
0.9793522267206478
-0.20405844155844155
0.9795951417004048
-0.20308441558441556
0.9795951417004048
-0.20211038961038957
0.9798380566801619
-0.2011363636363636
0.980080971659919
-0.20016233766233765
0.9803238866396761
-0.1991883116883117
0.9805668016194332
-0.19821428571428568
0.9808097165991903
-0.19724025974025972
0.9810526315789474
-0.19626623376623376
0.9810526315789474
-0.1952922077922078
0.9812955465587044
-0.1943181818181818
0.9815384615384616
-0.19285714285714284
0.9817813765182186
-0.19188311688311688
0.9820242914979757
-0.1909090909090909
0.9822672064777328
-0.1899350649350649
0.9825101214574898
-0.18896103896103894
0.982753036437247
-0.18798701298701298
0.982995951417004
-0.187012987012987
0.982995951417004
-0.186038961038961
0.9832388663967612
-0.18506493506493504
0.9834817813765182
-0.18409090909090908
0.9837246963562754
-0.18311688311688312
0.9837246963562754
-0.1821428571428571
0.9839676113360324
-0.18116883116883115
0.9842105263157894
-0.18019480519480519
0.9844534412955466
-0.17922077922077922
0.9846963562753036
-0.17824675324675324
0.9846963562753036
-0.17727272727272725
0.9849392712550608
-0.1762987012987013
0.9851821862348178
-0.17483766233766232
0.9854251012145749
-0.17386363636363636
0.985668016194332
-0.17288961038961037
0.985668016194332
-0.1719155844155844
0.985910931174089
-0.17094155844155842
0.9861538461538462
-0.16996753246753246
0.9863967611336032
-0.16899350649350647
0.9863967611336032
-0.16801948051948049
0.9866396761133603
-0.16704545454545452
0.9868825910931174
-0.16607142857142854
0.9868825910931174
-0.16509740259740258
0.9871255060728745
-0.16412337662337662
0.9873684210526316
-0.16314935064935063
0.9873684210526316
-0.16217532467532467
0.9876113360323886
-0.16120129870129868
0.9878542510121457
-0.16022727272727272
0.9880971659919029
-0.15925324675324673
0.9880971659919029
-0.15827922077922074
0.9883400809716599
-0.15730519480519478
0.9883400809716599
-0.1558441558441558
0.988582995951417
-0.15487012987012985
0.9888259109311741
-0.15389610389610386
0.9890688259109311
-0.15292207792207788
0.9890688259109311
-0.15194805194805194
0.9893117408906883
-0.15097402597402595
0.9893117408906883
-0.15
0.9895546558704453
-0.149025974025974
0.9895546558704453
-0.14805194805194802
0.9897975708502025
-0.14707792207792206
0.9900404858299595
-0.14610389610389607
0.9900404858299595
-0.1451298701298701
0.9902834008097166
-0.14415584415584412
0.9902834008097166
-0.14318181818181816
0.9905263157894737
-0.1422077922077922
0.9905263157894737
-0.1412337662337662
0.9907692307692307
-0.14025974025974025
0.9907692307692307
-0.13928571428571426
0.9910121457489879
-0.13831168831168827
0.9910121457489879
-0.13685064935064933
0.9912550607287449
-0.13587662337662335
0.9912550607287449
-0.13490259740259739
0.9914979757085021
-0.1339285714285714
0.9914979757085021
-0.13295454545454544
0.9917408906882591
-0.13198051948051945
0.9917408906882591
-0.13100649350649346
0.9919838056680161
-0.13003246753246753
0.9919838056680161
-0.12905844155844154
0.9922267206477733
-0.12808441558441558
0.9922267206477733
-0.1271103896103896
0.9922267206477733
-0.1261363636363636
0.9924696356275303
-0.12516233766233764
0.9924696356275303
-0.12418831168831165
0.9927125506072875
-0.12321428571428569
0.9927125506072875
-0.12224025974025973
0.9927125506072875
-0.12126623376623374
0.9929554655870445
-0.12029220779220778
0.9929554655870445
-0.1193181818181818
0.9931983805668017
-0.11785714285714285
0.9931983805668017
-0.11688311688311687
0.9934412955465587
-0.11590909090909088
0.9934412955465587
-0.11493506493506492
0.9934412955465587
-0.11396103896103893
0.9936842105263157
-0.11298701298701297
0.9936842105263157
-0.11201298701298698
0.9936842105263157
-0.11103896103896099
0.9939271255060729
-0.11006493506493503
0.9939271255060729
-0.10909090909090907
0.9939271255060729
-0.10811688311688311
0.9941700404858299
-0.10714285714285712
0.9941700404858299
-0.10616883116883113
0.9941700404858299
-0.10519480519480517
0.9944129554655871
-0.10422077922077919
0.9944129554655871
-0.10324675324675323
0.9944129554655871
-0.10227272727272724
0.9946558704453441
-0.10129870129870128
0.9946558704453441
-0.09983766233766231
0.9946558704453441
-0.09886363636363632
0.9948987854251012
-0.09788961038961036
0.9948987854251012
-0.0969155844155844
0.9948987854251012
-0.09594155844155844
0.9951417004048583
-0.09496753246753245
0.9951417004048583
-0.09399350649350646
0.9951417004048583
-0.0930194805194805
0.9951417004048583
-0.09204545454545451
0.9953846153846154
-0.09107142857142855
0.9953846153846154
-0.09009740259740256
0.9953846153846154
-0.08912337662337658
0.9956275303643725
-0.08814935064935064
0.9956275303643725
-0.08717532467532466
0.9956275303643725
-0.08620129870129867
0.9956275303643725
-0.08522727272727271
0.9958704453441295
-0.08425324675324672
0.9958704453441295
-0.08327922077922076
0.9958704453441295
-0.08230519480519477
0.9958704453441295
-0.08084415584415583
0.9961133603238866
-0.07987012987012984
0.9961133603238866
-0.07889610389610385
0.9961133603238866
-0.07792207792207789
0.9963562753036437
-0.0769480519480519
0.9963562753036437
-0.07597402597402594
0.9963562753036437
-0.07499999999999998
0.9963562753036437
-0.074025974025974
0.9965991902834008
-0.07305194805194803
0.9965991902834008
-0.07207792207792205
0.9965991902834008
-0.07110389610389609
0.9965991902834008
-0.0701298701298701
0.9968421052631579
-0.06915584415584411
0.9968421052631579
-0.06818181818181815
0.9968421052631579
-0.06720779220779219
0.9968421052631579
-0.06623376623376623
0.9968421052631579
-0.06525974025974024
0.997085020242915
-0.06428571428571425
0.997085020242915
-0.06331168831168829
0.997085020242915
-0.06185064935064932
0.997327935222672
-0.06087662337662336
0.997327935222672
-0.059902597402597374
0.997327935222672
-0.058928571428571414
0.997327935222672
-0.057954545454545425
0.9975708502024292
-0.05698051948051944
0.9975708502024292
-0.05600649350649348
0.9975708502024292
-0.05503246753246749
0.9975708502024292
-0.054058441558441556
0.9975708502024292
-0.05308441558441557
0.9978137651821862
-0.05211038961038958
0.9978137651821862
-0.05113636363636362
0.9978137651821862
-0.05016233766233763
0.9978137651821862
-0.04918831168831167
0.9980566801619433
-0.048214285714285654
0.9980566801619433
-0.047240259740259694
0.9980566801619433
-0.04626623376623373
0.9980566801619433
-0.04529220779220777
0.9980566801619433
-0.04431818181818181
0.9982995951417004
-0.042857142857142816
0.9982995951417004
-0.041883116883116855
0.9982995951417004
-0.04090909090909084
0.9982995951417004
-0.039935064935064934
0.9985425101214574
-0.03896103896103892
0.9985425101214574
-0.03798701298701296
0.9985425101214574
-0.037012987012987
0.9985425101214574
-0.03603896103896098
0.9985425101214574
-0.03506493506493508
0.9987854251012146
-0.03409090909090906
0.9987854251012146
-0.0331168831168831
0.9987854251012146
-0.032142857142857084
0.9987854251012146
-0.031168831168831124
0.9990283400809716
-0.030194805194805163
0.9990283400809716
-0.029220779220779203
0.9990283400809716
-0.028246753246753242
0.9990283400809716
-0.027272727272727226
0.9990283400809716
-0.026298701298701266
0.9992712550607288
-0.024837662337662325
0.9992712550607288
-0.023863636363636365
0.9992712550607288
-0.02288961038961035
0.9992712550607288
-0.021915584415584388
0.9992712550607288
-0.020941558441558372
0.9995141700404858
-0.019967532467532467
0.9995141700404858
-0.01899350649350645
0.9995141700404858
-0.01801948051948049
0.9995141700404858
-0.017045454545454475
0.9997570850202429
-0.016071428571428514
0.9997570850202429
-0.01509740259740261
0.9997570850202429
-0.014123376623376593
0.9997570850202429
-0.013149350649350633
0.9997570850202429
-0.012175324675324617
0.9997570850202429
-0.011201298701298656
1.0
-0.010227272727272696
1.0
-0.009253246753246736
1.0
-0.008279220779220775
1.0
-0.007305194805194759
1.0002429149797571
-0.005844155844155763
1.0002429149797571
-0.004870129870129858
1.0002429149797571
-0.0038961038961038974
1.0002429149797571
-0.0029220779220778814
1.0002429149797571
